At3g02190___KOG0002	44	2	44	+	SA_28438	52	9	51	1	80.9	90.70	97.73	97.73	82.69	82.69	2,44;	9,51;	+80.9;	90.70;
At3g52590___KOG0003	128	58	128	+	SA_28353	76	5	75	1	135.0	91.55	55.47	55.47	93.42	93.42	58,128;	5,75;	+135.0;	91.55;
At3g54670___KOG0018	1265	1	1265	+	SA_17648	1216	1	1215	1	1497.0	66.40	100.00	100.00	99.92	99.92	1,1265;	1,1215;	+1497.0;	66.40;
At5g52640___KOG0019	705	7	682	+	SA_21670	1167	75	743	1	588.0	47.98	95.89	95.89	57.33	57.33	7,682;	75,743;	+588.0;	47.98;
At3g45770___KOG0025	367	12	337	+	SA_19205	928	570	912	1	452.0	68.51	88.83	88.83	36.96	36.96	12,337;	570,912;	+452.0;	68.51;
At4g35090___KOG0047	492	1	492	+	SA_22245	493	1	492	1	947.0	88.62	100.00	100.00	99.80	99.80	1,492;	1,492;	+947.0;	88.62;
At1g64550___KOG0062	715	4	714	+	SA_18975	928	216	927	1	1160.0	81.04	99.44	99.44	76.72	76.72	4,714;	216,927;	+1160.0;	81.04;
At2g18390___KOG0073	185	1	185	+	SA_09436	186	1	185	1	313.0	88.65	100.00	100.00	99.46	99.46	1,185;	1,185;	+313.0;	88.65;
At4g02080___KOG0077	193	1	193	+	SA_05372	194	1	193	1	312.0	94.30	100.00	100.00	99.48	99.48	1,193;	1,193;	+312.0;	94.30;
At5g47200___KOG0084	159	3	159	+	SA_15995	203	46	202	1	292.0	87.26	98.74	98.74	77.34	77.34	3,159;	46,202;	+292.0;	87.26;
At3g54840___KOG0092	226	1	208	+	SA_21084	770	450	656	1	333.0	80.77	92.04	92.04	26.88	26.88	1,208;	450,656;	+333.0;	80.77;
At2g44610___KOG0094	208	1	208	+	SA_23706	209	1	208	1	397.0	91.83	100.00	100.00	99.52	99.52	1,208;	1,208;	+397.0;	91.83;
At1g09080___KOG0100	678	15	659	+	SA_26017	666	6	646	1	996.0	80.19	95.13	95.13	96.25	96.25	15,659;	6,646;	+996.0;	80.19;
At4g37910___KOG0102	666	2	660	+	SA_06724	679	18	675	1	1059.0	82.20	98.95	98.95	96.91	96.91	2,660;	18,675;	+1059.0;	82.20;
At1g79930___KOG0103	831	1	824	+	SA_17229	849	1	839	1	1270.0	76.31	99.16	99.16	98.82	98.82	1,824;	1,839;	+1270.0;	76.31;
At5g06000___KOG0122	308	8	285	+	SA_14224	298	12	295	1	359.0	65.38	90.26	90.26	95.30	95.30	8,285;	12,295;	+359.0;	65.38;
At3g02780___KOG0142	284	33	284	+	SA_06695	302	46	300	1	432.0	81.96	88.73	88.73	84.44	84.44	33,284;	46,300;	+432.0;	81.96;
At5g40580___KOG0173	274	1	274	+	SA_04605	274	1	273	1	494.0	85.40	100.00	100.00	99.64	99.64	1,274;	1,273;	+494.0;	85.40;
At4g31300___KOG0174	233	1	231	+	SA_25812	234	1	231	1	428.0	90.91	99.14	99.14	98.72	98.72	1,231;	1,231;	+428.0;	90.91;
At1g13060___KOG0175	274	1	271	+	SA_13887	348	78	346	1	458.0	82.29	98.91	98.91	77.30	77.30	1,271;	78,346;	+458.0;	82.29;
At1g53850___KOG0176	237	1	237	+	SA_09318	238	1	237	1	475.0	96.20	100.00	100.00	99.58	99.58	1,237;	1,237;	+475.0;	96.20;
At4g14800___KOG0177	199	1	199	+	SA_24891	205	1	199	1	371.0	87.44	100.00	100.00	97.07	97.07	1,199;	1,199;	+371.0;	87.44;
At3g60820___KOG0179	223	1	223	+	SA_10137	224	1	223	1	385.0	84.75	100.00	100.00	99.55	99.55	1,223;	1,223;	+385.0;	84.75;
At1g77440___KOG0180	191	1	181	+	SA_16719	265	16	196	1	358.0	92.27	94.76	94.76	68.30	68.30	1,181;	16,196;	+358.0;	92.27;
At1g79210___KOG0181	235	1	235	+	SA_12137	236	1	235	1	450.0	93.19	100.00	100.00	99.58	99.58	1,235;	1,235;	+450.0;	93.19;
At5g35590___KOG0182	246	1	246	+	SA_16632	247	1	246	1	463.0	87.40	100.00	100.00	99.60	99.60	1,246;	1,246;	+463.0;	87.40;
At3g51260___KOG0183	250	1	212	+	SA_09381	250	1	212	1	416.0	93.40	84.80	84.80	84.80	84.80	1,212;	1,212;	+416.0;	93.40;
At2g27020___KOG0184	249	1	249	+	SA_03758	250	1	249	1	428.0	91.16	100.00	100.00	99.60	99.60	1,249;	1,249;	+428.0;	91.16;
At1g56450___KOG0185	246	17	246	+	SA_10120	243	13	242	1	428.0	85.22	93.50	93.50	94.65	94.65	17,246;	13,242;	+428.0;	85.22;
At1g50200___KOG0188	1027	55	1024	+	SA_24353	2500	108	1054	1	1443.0	74.46	94.45	94.45	37.88	37.88	55,1024;	108,1054;	+1443.0;	74.46;
At1g21750___KOG0190	501	8	482	+	SA_14750	504	10	488	2	739.5	55.50	94.81	100.00	95.04	100.00	8,482;50,145;	10,484;396,488;	+659.0;+80.5;	68.28;42.71;
At5g23630___KOG0209	1179	1	1177	+	SA_11849	1180	1	1178	1	1911.0	78.51	99.83	99.83	99.83	99.83	1,1177;	1,1178;	+1911.0;	78.51;
At1g25490___KOG0211	588	22	581	+	SA_10955	563	72	557	1	597.0	57.67	95.24	95.24	86.32	86.32	22,581;	72,557;	+597.0;	57.67;
At1g59900___KOG0225	389	11	389	+	SA_01735	483	100	482	1	649.0	82.25	97.43	97.43	79.30	79.30	11,389;	100,482;	+649.0;	82.25;
At2g25610___KOG0233	178	1	178	+	SA_25682	182	1	179	1	257.0	88.83	100.00	100.00	98.35	98.35	1,178;	1,179;	+257.0;	88.83;
SPBC582.08___KOG0258	505	29	417	+	SA_01692	437	7	382	1	335.0	45.15	77.03	77.03	86.04	86.04	29,417;	7,382;	+335.0;	45.15;
At5g60040___KOG0261	1328	1	1328	+	SA_13589	1401	1	1397	1	1709.0	62.27	100.00	100.00	99.71	99.71	1,1328;	1,1397;	+1709.0;	62.27;
At5g58230___KOG0264	424	1	424	+	SA_12172	425	1	424	1	801.0	92.22	100.00	100.00	99.76	99.76	1,424;	1,424;	+801.0;	92.22;
At5g52820___KOG0271	473	10	473	+	SA_10245	476	12	475	1	803.0	81.08	98.10	98.10	97.48	97.48	10,473;	12,475;	+803.0;	81.08;
Hs4758032___KOG0276	906	1	839	+	SA_01349	905	1	855	1	1118.0	60.75	92.60	92.60	94.48	94.48	1,839;	1,855;	+1118.0;	60.75;
At1g18080___KOG0279	327	1	327	+	SA_26632	326	1	325	1	566.0	83.79	100.00	100.00	99.69	99.69	1,327;	1,325;	+566.0;	83.79;
At4g15900___KOG0285	486	1	485	+	SA_09111	630	1	485	1	775.0	77.76	99.79	99.79	76.98	76.98	1,485;	1,485;	+775.0;	77.76;
At1g04510___KOG0289	535	1	531	+	SA_14696	525	1	524	1	805.0	73.74	99.25	99.25	99.81	99.81	1,531;	1,524;	+805.0;	73.74;
At1g15440___KOG0291	900	1	895	+	SA_02854	888	1	880	1	1356.0	73.18	99.44	99.44	99.10	99.10	1,895;	1,880;	+1356.0;	73.18;
At2g21390___KOG0292	1218	1	1218	+	SA_02777	1218	1	1217	1	2044.0	82.92	100.00	100.00	99.92	99.92	1,1218;	1,1217;	+2044.0;	82.92;
At2g19540___KOG0302	469	24	469	+	SA_19439	2985	1981	2441	1	658.0	71.43	95.10	95.10	15.44	15.44	24,469;	1981,2441;	+658.0;	71.43;
At5g15550___KOG0313	433	1	432	+	SA_21934	436	1	434	1	619.0	68.89	99.77	99.77	99.54	99.54	1,432;	1,434;	+619.0;	68.89;
At3g18060___KOG0318	609	2	609	+	SA_22921	611	4	610	1	983.0	78.45	99.84	99.84	99.35	99.35	2,609;	4,610;	+983.0;	78.45;
At1g72730___KOG0327	414	1	414	+	SA_16652	414	1	413	1	768.0	88.89	100.00	100.00	99.76	99.76	1,414;	1,413;	+768.0;	88.89;
At3g19760___KOG0328	408	17	408	+	SA_24354	371	19	370	1	639.0	80.10	96.08	96.08	94.88	94.88	17,408;	19,370;	+639.0;	80.10;
At5g11200___KOG0329	427	1	424	+	SA_25666	943	517	939	1	791.0	92.92	99.30	99.30	44.86	44.86	1,424;	517,939;	+791.0;	92.92;
At5g60990___KOG0330	454	46	439	+	SA_09837	595	3	391	1	601.0	74.06	86.78	86.78	65.38	65.38	46,439;	3,391;	+601.0;	74.06;
At1g55150___KOG0331	501	39	501	+	SA_05516	869	106	565	1	768.0	84.88	92.42	92.42	52.93	52.93	39,501;	106,565;	+768.0;	84.88;
At3g09720___KOG0344	545	71	509	+	SA_25418	1049	76	509	1	608.0	73.35	80.55	80.55	41.37	41.37	71,509;	76,509;	+608.0;	73.35;
At4g34910___KOG0346	626	51	622	+	SA_19729	1184	35	597	1	754.0	70.86	91.37	91.37	47.55	47.55	51,622;	35,597;	+754.0;	70.86;
At1g24510___KOG0357	535	1	535	+	SA_10424	537	1	536	1	1021.0	91.23	100.00	100.00	99.81	99.81	1,535;	1,536;	+1021.0;	91.23;
At3g18190___KOG0358	536	4	536	+	SA_24608	535	1	534	1	996.0	91.57	99.44	99.44	99.81	99.81	4,536;	1,534;	+996.0;	91.57;
At3g02530___KOG0359	535	1	535	+	SA_14635	536	1	535	1	1008.0	89.91	100.00	100.00	99.81	99.81	1,535;	1,535;	+1008.0;	89.91;
At3g11830___KOG0361	557	1	537	+	SA_13706	564	1	537	1	987.0	92.55	96.41	96.41	95.21	95.21	1,537;	1,537;	+987.0;	92.55;
At3g03960___KOG0362	528	2	525	+	SA_12792	545	1	524	1	902.0	82.63	99.24	99.24	96.15	96.15	2,525;	1,524;	+902.0;	82.63;
At5g20890___KOG0363	527	1	527	+	SA_21492	528	1	527	1	960.0	90.13	100.00	100.00	99.81	99.81	1,527;	1,527;	+960.0;	90.13;
At5g26360___KOG0364	555	1	555	+	SA_11355	557	1	556	1	1024.0	89.75	100.00	100.00	99.82	99.82	1,555;	1,556;	+1024.0;	89.75;
At5g40280___KOG0365	482	40	481	+	SA_15656	460	1	459	1	485.0	55.97	91.70	91.70	99.78	99.78	40,481;	1,459;	+485.0;	55.97;
At5g12210___KOG0366	313	1	313	+	SA_00738	1155	1	313	1	524.0	79.87	100.00	100.00	27.10	27.10	1,313;	1,313;	+524.0;	79.87;
At2g39550___KOG0367	375	56	355	+	SA_05173	391	71	373	2	489.3	50.56	80.00	100.00	77.49	100.00	56,355;133,251;	71,370;246,373;	+440.0;+49.3;	71.67;29.46;
At2g42500___KOG0371	313	1	313	+	SA_12877	314	1	313	1	621.0	93.61	100.00	100.00	99.68	99.68	1,313;	1,313;	+621.0;	93.61;
At4g26720___KOG0372	305	1	305	+	SA_22283	551	1	305	1	588.0	89.18	100.00	100.00	55.35	55.35	1,305;	1,305;	+588.0;	89.18;
At3g19980___KOG0373	303	1	303	+	SA_21146	304	1	303	1	612.0	95.05	100.00	100.00	99.67	99.67	1,303;	1,303;	+612.0;	95.05;
At2g42810___KOG0376	533	79	533	+	SA_01474	504	33	503	1	768.0	78.01	85.37	85.37	93.45	93.45	79,533;	33,503;	+768.0;	78.01;
7301083___KOG0394	207	1	207	+	SA_08852	206	1	205	1	280.0	67.62	100.00	100.00	99.51	99.51	1,207;	1,205;	+280.0;	67.62;
At2g42740___KOG0397	182	1	182	+	SA_00678	183	11	182	1	313.0	91.76	100.00	100.00	93.99	93.99	1,182;	11,182;	+313.0;	91.76;
At3g60770___KOG0400	150	1	150	+	SA_04183	152	1	151	1	281.0	92.72	100.00	100.00	99.34	99.34	1,150;	1,151;	+281.0;	92.72;
At3g10950___KOG0402	92	1	92	+	SA_00971	93	1	92	1	175.0	93.48	100.00	100.00	98.92	98.92	1,92;	1,92;	+175.0;	93.48;
At3g52580___KOG0407	150	1	139	+	SA_14476	151	1	139	1	241.0	92.81	92.67	92.67	92.05	92.05	1,139;	1,139;	+241.0;	92.81;
At5g50870___KOG0418	192	1	192	+	SA_24748	195	1	194	1	325.0	78.35	100.00	100.00	99.49	99.49	1,192;	1,194;	+325.0;	78.35;
At5g62540___KOG0419	150	1	150	+	SA_24681	153	1	150	1	284.0	88.00	100.00	100.00	98.04	98.04	1,150;	1,150;	+284.0;	88.00;
At2g18600___KOG0420	185	1	184	+	SA_03161	178	1	176	1	303.0	77.17	99.46	99.46	98.88	98.88	1,184;	1,176;	+303.0;	77.17;
At3g57870___KOG0424	160	1	160	+	SA_21569	133	1	132	1	234.0	72.50	100.00	100.00	99.25	99.25	1,160;	1,132;	+234.0;	72.50;
At4g10320___KOG0434	1254	1	1253	+	SA_27736	1181	1	1179	1	1795.0	70.10	99.92	99.92	99.83	99.83	1,1253;	1,1179;	+1795.0;	70.10;
At1g08830___KOG0441	152	1	152	+	SA_23238	153	1	152	1	254.0	84.21	100.00	100.00	99.35	99.35	1,152;	1,152;	+254.0;	84.21;
At3g55410___KOG0450	1009	1	1009	+	SA_13939	1022	1	1018	1	1873.0	86.05	100.00	100.00	99.61	99.61	1,1009;	1,1018;	+1873.0;	86.05;
At4g02930___KOG0460	454	1	454	+	SA_26793	450	1	449	1	742.0	85.02	100.00	100.00	99.78	99.78	1,454;	1,449;	+742.0;	85.02;
At5g08650___KOG0462	675	53	675	+	SA_19868	687	64	686	1	1047.0	86.84	92.30	92.30	90.68	90.68	53,675;	64,686;	+1047.0;	86.84;
At1g04170___KOG0466	465	1	465	+	SA_20409	465	1	464	1	879.0	90.97	100.00	100.00	99.78	99.78	1,465;	1,464;	+879.0;	90.97;
At1g06220___KOG0468	987	1	960	+	SA_19368	1490	1	961	1	1726.0	86.26	97.26	97.26	64.50	64.50	1,960;	1,961;	+1726.0;	86.26;
At1g56075___KOG0469	855	14	855	+	SA_11978	844	2	843	1	1605.0	92.04	98.48	98.48	99.76	99.76	14,855;	2,843;	+1605.0;	92.04;
At1g44900___KOG0477	928	20	920	+	SA_26963	1252	330	1246	1	1323.0	76.71	97.09	97.09	73.24	73.24	20,920;	330,1246;	+1323.0;	76.71;
At2g07690___KOG0481	727	1	727	+	SA_11455	2355	1651	2354	1	1071.0	74.25	100.00	100.00	29.89	29.89	1,727;	1651,2354;	+1071.0;	74.25;
At4g03430___KOG0495	1029	1	1029	+	SA_00715	1029	1	1022	1	1545.0	76.64	100.00	100.00	99.32	99.32	1,1029;	1,1022;	+1545.0;	76.64;
At3g60750___KOG0523	754	28	753	+	SA_03145	744	32	741	1	1186.0	80.72	96.29	96.29	95.43	95.43	28,753;	32,741;	+1186.0;	80.72;
At5g50850___KOG0524	363	4	362	+	SA_03678	373	4	365	1	622.0	85.08	98.90	98.90	97.05	97.05	4,362;	4,365;	+622.0;	85.08;
At3g59380___KOG0530	340	13	336	+	SA_21774	375	44	371	1	404.0	62.42	95.29	95.29	87.47	87.47	13,336;	44,371;	+404.0;	62.42;
At5g17770___KOG0534	281	4	281	+	SA_00630	279	2	278	1	461.0	83.09	98.93	98.93	99.28	99.28	4,281;	2,278;	+461.0;	83.09;
At5g64350___KOG0544	112	42	112	+	SA_20777	443	85	155	1	128.0	85.92	63.39	63.39	16.03	16.03	42,112;	85,155;	+128.0;	85.92;
At4g26870___KOG0556	504	55	489	+	SA_05702	783	56	522	1	596.0	62.96	86.31	86.31	59.64	59.64	55,489;	56,522;	+596.0;	62.96;
At4g26910___KOG0559	511	118	511	+	SA_21357	690	314	689	1	569.0	75.44	77.10	77.10	54.49	54.49	118,511;	314,689;	+569.0;	75.44;
At5g35790___KOG0563	576	25	576	+	SA_12658	951	25	592	1	871.0	79.05	95.83	95.83	59.73	59.73	25,576;	25,592;	+871.0;	79.05;
At3g58180___KOG0567	304	6	300	+	SA_09688	763	8	306	1	437.0	76.25	97.04	97.04	39.19	39.19	6,300;	8,306;	+437.0;	76.25;
At4g24040___KOG0602	626	73	626	+	SA_14799	585	32	583	1	652.0	58.99	88.50	88.50	94.36	94.36	73,626;	32,583;	+652.0;	58.99;
At3g14390___KOG0622	484	4	484	+	SA_02789	487	2	486	1	793.0	79.01	99.38	99.38	99.59	99.59	4,484;	2,486;	+793.0;	79.01;
At5g51820___KOG0625	623	65	566	+	SA_07951	572	68	569	1	855.0	84.86	80.58	80.58	87.76	87.76	65,566;	68,569;	+855.0;	84.86;
At3g06580___KOG0631	496	1	496	+	SA_11320	556	62	555	1	770.0	77.76	100.00	100.00	88.85	88.85	1,496;	62,555;	+770.0;	77.76;
At2g40360___KOG0650	775	108	775	+	SA_00152	1663	1004	1662	1	923.0	68.99	86.19	86.19	39.63	39.63	108,775;	1004,1662;	+923.0;	68.99;
At1g66750___KOG0659	348	10	347	+	SA_24605	418	11	348	1	523.0	73.45	97.13	97.13	80.86	80.86	10,347;	11,348;	+523.0;	73.45;
At5g61790___KOG0675	530	29	488	+	SA_16254	541	31	489	1	668.0	79.78	86.79	86.79	84.84	84.84	29,488;	31,489;	+668.0;	79.78;
At1g18450___KOG0679	440	1	440	+	SA_24230	445	1	444	1	722.0	77.03	100.00	100.00	99.78	99.78	1,440;	1,444;	+722.0;	77.03;
At5g35630___KOG0683	430	1	430	+	SA_07617	432	1	431	1	730.0	81.02	100.00	100.00	99.77	99.77	1,430;	1,431;	+730.0;	81.02;
At4g24820___KOG0687	406	6	406	+	SA_04945	607	225	606	1	661.0	80.30	98.77	98.77	62.93	62.93	6,406;	225,606;	+661.0;	80.30;
At5g47880___KOG0688	436	1	433	+	SA_16259	438	1	435	1	803.0	88.97	99.31	99.31	99.32	99.32	1,433;	1,435;	+803.0;	88.97;
At5g58290___KOG0727	408	9	408	+	SA_28055	908	1	405	1	780.0	93.58	98.04	98.04	44.60	44.60	9,408;	1,405;	+780.0;	93.58;
At5g19990___KOG0728	405	1	405	+	SA_08651	420	16	419	1	754.0	96.30	100.00	100.00	96.19	96.19	1,405;	16,419;	+754.0;	96.30;
At1g53750___KOG0729	426	1	426	+	SA_09402	427	1	426	1	843.0	96.24	100.00	100.00	99.77	99.77	1,426;	1,426;	+843.0;	96.24;
At2g26140___KOG0734	627	1	570	+	SA_23661	2229	721	2169	2	1856.0	85.06	90.91	100.00	65.01	78.54	1,570;1,568;	1600,2169;721,1288;	+936.0;+920.0;	85.61;84.51;
At4g04910___KOG0741	744	1	742	+	SA_20160	745	1	744	1	1164.0	78.98	99.73	99.73	99.87	99.87	1,742;	1,744;	+1164.0;	78.98;
At5g01340___KOG0756	309	5	309	+	SA_02919	314	7	313	2	596.6	60.39	98.71	100.00	97.77	100.00	5,309;199,276;	10,313;7,79;	+545.0;+51.6;	83.61;37.18;
At5g46800___KOG0758	294	1	291	+	SA_27454	448	8	302	1	398.0	75.25	98.98	98.98	65.85	65.85	1,291;	8,302;	+398.0;	75.25;
At5g14040___KOG0767	375	55	354	+	SA_21504	369	51	350	1	548.0	86.00	80.00	80.00	81.30	81.30	55,354;	51,350;	+548.0;	86.00;
At1g15310___KOG0780	479	1	469	+	SA_16162	495	1	485	1	740.0	78.97	97.91	97.91	97.98	97.98	1,469;	1,485;	+740.0;	78.97;
At4g35650___KOG0784	368	1	367	+	SA_13411	373	1	371	1	590.0	83.83	99.73	99.73	99.46	99.46	1,367;	1,371;	+590.0;	83.83;
At5g03290___KOG0785	372	1	372	+	SA_20823	372	1	371	1	658.0	86.29	100.00	100.00	99.73	99.73	1,372;	1,371;	+658.0;	86.29;
At3g06483___KOG0787	380	2	380	+	SA_25035	372	3	371	1	649.0	81.72	99.74	99.74	99.19	99.19	2,380;	3,371;	+649.0;	81.72;
At5g18930___KOG0788	347	1	346	+	SA_09072	348	1	345	1	418.0	62.32	99.71	99.71	99.14	99.14	1,346;	1,345;	+418.0;	62.32;
At3g11250___KOG0815	323	2	277	+	SA_26344	322	3	278	1	494.0	84.78	85.45	85.45	85.71	85.71	2,277;	3,278;	+494.0;	84.78;
At1g31812___KOG0817	92	1	84	+	SA_23806	92	1	84	1	140.0	79.76	91.30	91.30	91.30	91.30	1,84;	1,84;	+140.0;	79.76;
At2g47420___KOG0820	353	1	353	+	SA_01930	346	1	345	1	494.0	75.71	100.00	100.00	99.71	99.71	1,353;	1,345;	+494.0;	75.71;
At2g34480___KOG0829	178	1	178	+	SA_22658	179	1	178	1	346.0	92.13	100.00	100.00	99.44	99.44	1,178;	1,178;	+346.0;	92.13;
At3g11630___KOG0852	266	69	266	+	SA_12905	270	72	269	1	380.0	90.40	74.44	74.44	73.33	73.33	69,266;	72,269;	+380.0;	90.40;
At1g78800___KOG0853	405	7	401	+	SA_04999	409	8	405	1	606.0	74.75	97.53	97.53	97.31	97.31	7,401;	8,405;	+606.0;	74.75;
At1g66580___KOG0857	184	1	181	+	SA_25851	184	1	181	1	322.0	84.53	98.37	98.37	98.37	98.37	1,181;	1,181;	+322.0;	84.53;
At5g58060___KOG0861	199	1	199	+	SA_08740	217	18	216	1	384.0	89.45	100.00	100.00	91.71	91.71	1,199;	18,216;	+384.0;	89.45;
At1g11890___KOG0862	218	1	217	+	SA_13372	371	1	217	1	421.0	90.32	99.54	99.54	58.49	58.49	1,217;	1,217;	+421.0;	90.32;
At5g23090___KOG0871	159	1	146	+	SA_27134	158	1	147	1	213.0	86.39	91.82	91.82	93.04	93.04	1,146;	1,147;	+213.0;	86.39;
At3g10920___KOG0876	231	1	229	+	SA_12497	665	432	662	1	349.0	76.62	99.13	99.13	34.74	34.74	1,229;	432,662;	+349.0;	76.62;
At5g46430___KOG0878	133	1	133	+	SA_10899	134	1	133	1	226.0	86.47	100.00	100.00	99.25	99.25	1,133;	1,133;	+226.0;	86.47;
At5g13120___KOG0880	259	60	257	+	SA_13867	862	664	861	1	342.0	79.40	76.45	76.45	22.97	22.97	60,257;	664,861;	+342.0;	79.40;
At4g09320___KOG0888	149	1	148	+	SA_02070	149	1	148	1	273.0	87.16	99.33	99.33	99.33	99.33	1,148;	1,148;	+273.0;	87.16;
At5g50430___KOG0894	243	1	223	+	SA_06870	426	1	221	1	322.0	72.77	91.77	91.77	51.88	51.88	1,223;	1,221;	+322.0;	72.77;
7302912___KOG0898	148	22	148	+	SA_05429	151	24	150	1	193.0	82.68	85.81	85.81	84.11	84.11	22,148;	24,150;	+193.0;	82.68;
At1g26370___KOG0922	710	1	672	+	SA_06562	708	1	674	1	934.0	68.42	94.65	94.65	95.20	95.20	1,672;	1,674;	+934.0;	68.42;
At5g60790___KOG0927	595	37	595	+	SA_13622	602	43	601	1	973.0	84.44	93.95	93.95	92.86	92.86	37,595;	43,601;	+973.0;	84.44;
At5g62410___KOG0933	1175	1	1174	+	SA_23410	1177	1	1174	1	1573.0	74.53	99.91	99.91	99.75	99.75	1,1174;	1,1174;	+1573.0;	74.53;
At2g17380___KOG0934	161	2	161	+	SA_13113	777	617	776	1	308.0	89.38	99.38	99.38	20.59	20.59	2,161;	617,776;	+308.0;	89.38;
At1g47830___KOG0935	142	1	142	+	SA_22012	274	132	273	1	278.0	94.37	100.00	100.00	51.82	51.82	1,142;	132,273;	+278.0;	94.37;
At1g60780___KOG0937	428	1	428	+	SA_04168	429	1	428	1	839.0	92.29	100.00	100.00	99.77	99.77	1,428;	1,428;	+839.0;	92.29;
At5g46630___KOG0938	438	1	438	+	SA_07113	660	222	659	1	821.0	93.61	100.00	100.00	66.36	66.36	1,438;	222,659;	+821.0;	93.61;
At2g06990___KOG0948	996	30	996	+	SA_06104	998	35	997	1	1577.0	81.56	97.09	97.09	96.49	96.49	30,996;	35,997;	+1577.0;	81.56;
At5g61140___KOG0952	2137	72	2123	+	SA_22356	2087	1	2067	1	3153.0	74.29	96.02	96.02	99.04	99.04	72,2123;	1,2067;	+3153.0;	74.29;
At2g41790___KOG0959	970	13	970	+	SA_11124	968	8	967	1	1474.0	71.04	98.76	98.76	99.17	99.17	13,970;	8,967;	+1474.0;	71.04;
At3g02090___KOG0960	531	52	531	+	SA_28959	530	50	529	1	828.0	83.12	90.40	90.40	90.57	90.57	52,531;	50,529;	+828.0;	83.12;
At2g27170___KOG0964	1200	43	1200	+	SA_16362	1152	6	1150	1	1541.0	70.90	96.50	96.50	99.39	99.39	43,1200;	6,1150;	+1541.0;	70.90;
At5g63960___KOG0969	1081	30	1009	+	SA_09266	1101	39	1014	1	1692.0	83.86	90.66	90.66	88.65	88.65	30,1009;	39,1014;	+1692.0;	83.86;
At3g08530___KOG0985	1516	1	1466	+	SA_15254	1443	167	1389	3	2253.0	89.11	96.70	87.38	84.75	100.00	813,1466;1,460;543,709;	736,1389;167,583;572,738;	+1221.0;+727.0;+305.0;	91.59;84.13;91.62;
At1g21690___KOG0989	336	1	322	+	SA_24797	354	1	319	1	517.0	75.38	95.83	95.83	90.11	90.11	1,322;	1,319;	+517.0;	75.38;
At1g63160___KOG0991	333	13	332	+	SA_24077	334	13	332	1	623.0	92.50	96.10	96.10	95.81	95.81	13,332;	13,332;	+623.0;	92.50;
At5g48600___KOG0996	1241	17	1240	+	SA_08019	2031	21	1252	1	1693.0	73.78	98.63	98.63	60.66	60.66	17,1240;	21,1252;	+1693.0;	73.78;
At1g49910___KOG1036	339	1	326	+	SA_12947	664	350	650	1	539.0	79.88	96.17	96.17	45.33	45.33	1,326;	350,650;	+539.0;	79.88;
At5g13520___KOG1047	616	1	616	+	SA_15310	613	1	612	1	947.0	75.69	100.00	100.00	99.84	99.84	1,616;	1,612;	+947.0;	75.69;
At4g31480___KOG1058	971	22	971	+	SA_17298	955	2	954	1	1588.0	81.64	97.84	97.84	99.79	99.79	22,971;	2,954;	+1588.0;	81.64;
At1g60070___KOG1062	867	1	867	+	SA_01719	879	1	878	1	1362.0	76.36	100.00	100.00	99.89	99.89	1,867;	1,878;	+1362.0;	76.36;
At3g61620___KOG1068	241	1	241	+	SA_08948	242	1	241	1	367.0	78.51	100.00	100.00	99.59	99.59	1,241;	1,241;	+367.0;	78.51;
At5g22770___KOG1077	1012	1	1012	+	SA_13647	1017	3	1016	1	1665.0	82.04	100.00	100.00	99.71	99.71	1,1012;	3,1016;	+1665.0;	82.04;
At4g34450___KOG1078	831	1	831	+	SA_02802	888	1	887	1	1416.0	79.87	100.00	100.00	99.89	99.89	1,831;	1,887;	+1416.0;	79.87;
At1g78190___KOG1088	124	1	123	+	SA_27559	754	118	238	1	161.0	73.98	99.19	99.19	16.05	16.05	1,123;	118,238;	+161.0;	73.98;
At4g25730___KOG1098	821	1	756	+	SA_26810	831	1	756	1	792.0	63.90	92.08	92.08	90.97	90.97	1,756;	1,756;	+792.0;	63.90;
At5g01230___KOG1099	287	1	283	+	SA_25175	318	1	304	1	525.0	85.25	98.61	98.61	95.60	95.60	1,283;	1,304;	+525.0;	85.25;
At2g21790___KOG1112	816	1	816	+	SA_17370	808	1	807	1	1476.0	85.91	100.00	100.00	99.88	99.88	1,816;	1,807;	+1476.0;	85.91;
At5g41360___KOG1123	754	40	753	+	SA_18912	766	51	764	1	1232.0	88.25	94.69	94.69	93.21	93.21	40,753;	51,764;	+1232.0;	88.25;
At1g03190___KOG1131	758	1	758	+	SA_26807	759	1	758	1	1372.0	85.49	100.00	100.00	99.87	99.87	1,758;	1,758;	+1372.0;	85.49;
At1g61010___KOG1137	693	5	690	+	SA_00153	697	7	696	1	1216.0	83.33	98.99	98.99	99.00	99.00	5,690;	7,696;	+1216.0;	83.33;
At4g11160___KOG1145	603	1	603	+	SA_07291	723	136	722	1	826.0	71.69	100.00	100.00	81.19	81.19	1,603;	136,722;	+826.0;	71.69;
At1g25350___KOG1148	786	1	786	+	SA_19217	789	1	788	1	1217.0	77.74	100.00	100.00	99.87	99.87	1,786;	1,788;	+1217.0;	77.74;
At5g64050___KOG1149	570	1	570	+	SA_18673	575	1	574	1	879.0	74.01	100.00	100.00	99.83	99.83	1,570;	1,574;	+879.0;	74.01;
At4g24520___KOG1158	692	26	686	+	SA_25588	827	46	700	1	874.0	66.97	95.52	95.52	79.20	79.20	26,686;	46,700;	+874.0;	66.97;
At3g02280___KOG1159	616	1	616	+	SA_00343	595	1	594	1	738.0	62.76	100.00	100.00	99.83	99.83	1,616;	1,594;	+738.0;	62.76;
At1g77590___KOG1180	691	1	691	+	SA_07522	697	1	696	1	1143.0	77.73	100.00	100.00	99.86	99.86	1,691;	1,696;	+1143.0;	77.73;
At5g17380___KOG1185	572	9	572	+	SA_03490	579	15	578	1	921.0	79.43	98.60	98.60	97.41	97.41	9,572;	15,578;	+921.0;	79.43;
At3g25660___KOG1211	537	45	534	+	SA_12767	952	457	946	1	765.0	78.57	91.25	91.25	51.47	51.47	45,534;	457,946;	+765.0;	78.57;
At2g40090___KOG1235	544	48	537	+	SA_14246	903	39	531	1	743.0	73.63	90.07	90.07	54.60	54.60	48,537;	39,531;	+743.0;	73.63;
At5g53480___KOG1241	870	1	869	+	SA_24125	873	1	871	1	1375.0	80.83	99.89	99.89	99.77	99.77	1,869;	1,871;	+1375.0;	80.83;
At5g23250___KOG1255	341	42	340	+	SA_22974	343	39	342	1	494.0	87.50	87.68	87.68	88.63	88.63	42,340;	39,342;	+494.0;	87.50;
At3g24090___KOG1268	691	1	691	+	SA_06687	783	1	698	1	1093.0	77.02	100.00	100.00	89.14	89.14	1,691;	1,698;	+1093.0;	77.02;
At3g10530___KOG1272	548	20	547	+	SA_28979	1050	520	1046	1	715.0	68.55	96.35	96.35	50.19	50.19	20,547;	520,1046;	+715.0;	68.55;
At5g67330___KOG1291	512	7	498	+	SA_01280	513	10	499	1	733.0	74.30	96.09	96.09	95.52	95.52	7,498;	10,499;	+733.0;	74.30;
At1g77140___KOG1299	550	17	550	+	SA_18583	1129	76	608	1	943.0	84.64	97.09	97.09	47.21	47.21	17,550;	76,608;	+943.0;	84.64;
At1g12360___KOG1300	637	1	637	+	SA_24052	667	31	666	1	1063.0	80.47	100.00	100.00	95.35	95.35	1,637;	31,666;	+1063.0;	80.47;
At2g17980___KOG1301	627	1	595	+	SA_08468	1349	727	1318	1	955.0	80.03	94.90	94.90	43.88	43.88	1,595;	727,1318;	+955.0;	80.03;
At2g39770___KOG1322	361	37	361	+	SA_20979	601	276	600	1	593.0	86.77	90.03	90.03	54.08	54.08	37,361;	276,600;	+593.0;	86.77;
At1g48030___KOG1335	507	1	507	+	SA_25024	512	3	511	1	855.0	85.49	100.00	100.00	99.41	99.41	1,507;	3,511;	+855.0;	85.49;
At3g44680___KOG1342	419	3	405	+	SA_16399	510	85	491	1	730.0	84.03	96.18	96.18	79.80	79.80	3,405;	85,491;	+730.0;	84.03;
At1g08750___KOG1349	424	23	341	+	SA_08638	866	45	369	1	541.0	79.57	75.24	75.24	37.53	37.53	23,341;	45,369;	+541.0;	79.57;
7304361___KOG1350	505	49	505	+	SA_29052	558	98	556	1	717.0	81.05	90.50	90.50	82.26	82.26	49,505;	98,556;	+717.0;	81.05;
At1g20260___KOG1351	468	1	466	+	SA_10671	489	3	486	1	897.0	91.13	99.57	99.57	98.98	98.98	1,466;	3,486;	+897.0;	91.13;
AtMi099___KOG1353	507	1	483	+	SA_07404	713	12	494	1	897.0	90.68	95.27	95.27	67.74	67.74	1,483;	12,494;	+897.0;	90.68;
At3g57610___KOG1355	490	1	490	+	SA_25217	491	1	490	1	783.0	83.88	100.00	100.00	99.80	99.80	1,490;	1,490;	+783.0;	83.88;
At4g36480___KOG1358	475	1	472	+	SA_16697	483	1	479	1	699.0	73.90	99.37	99.37	99.17	99.17	1,472;	1,479;	+699.0;	73.90;
At1g79550___KOG1367	401	1	401	+	SA_27898	402	1	401	1	723.0	90.02	100.00	100.00	99.75	99.75	1,401;	1,401;	+723.0;	90.02;
At4g13940___KOG1370	485	1	485	+	SA_09676	486	1	485	1	915.0	91.34	100.00	100.00	99.79	99.79	1,485;	1,485;	+915.0;	91.34;
At1g78720___KOG1373	475	1	475	+	SA_27289	476	1	475	1	893.0	90.74	100.00	100.00	99.79	99.79	1,475;	1,475;	+893.0;	90.74;
At5g05620___KOG1374	474	1	473	+	SA_07033	475	1	473	1	960.0	96.19	99.79	99.79	99.58	99.58	1,473;	1,473;	+960.0;	96.19;
At5g47720___KOG1390	415	1	415	+	SA_20034	414	1	413	1	672.0	77.83	100.00	100.00	99.76	99.76	1,415;	1,413;	+672.0;	77.83;
At4g11820___KOG1393	461	1	461	+	SA_24072	465	1	464	1	800.0	81.12	100.00	100.00	99.78	99.78	1,461;	1,464;	+800.0;	81.12;
At2g04540___KOG1394	442	37	441	+	SA_00772	474	45	471	1	610.0	74.71	91.63	91.63	90.08	90.08	37,441;	45,471;	+610.0;	74.71;
At4g17510___KOG1415	234	7	234	+	SA_27476	834	604	829	1	356.0	72.81	97.44	97.44	27.10	27.10	7,234;	604,829;	+356.0;	72.81;
At2g26260___KOG1430	390	9	383	+	SA_12178	1531	975	1349	1	616.0	76.00	96.15	96.15	24.49	24.49	9,383;	975,1349;	+616.0;	76.00;
At5g20850___KOG1433	339	1	339	+	SA_15389	342	1	341	1	626.0	88.34	100.00	100.00	99.71	99.71	1,339;	1,341;	+626.0;	88.34;
At5g09550___KOG1439	445	1	429	+	SA_00353	446	1	429	1	780.0	86.01	96.40	96.40	96.19	96.19	1,429;	1,429;	+780.0;	86.01;
At2g35390___KOG1448	352	3	351	+	SA_03128	396	45	394	1	613.0	84.00	99.15	99.15	88.38	88.38	3,351;	45,394;	+613.0;	84.00;
At1g43670___KOG1458	341	1	339	+	SA_10799	435	94	432	1	631.0	88.20	99.41	99.41	77.93	77.93	1,339;	94,432;	+631.0;	88.20;
At1g29150___KOG1463	419	6	419	+	SA_10066	423	8	422	1	665.0	88.43	98.81	98.81	98.11	98.11	6,419;	8,422;	+665.0;	88.43;
At1g72340___KOG1466	362	1	362	+	SA_05556	331	35	330	1	378.0	63.84	100.00	100.00	89.43	89.43	1,362;	35,330;	+378.0;	63.84;
At2g05830___KOG1468	365	5	348	+	SA_15413	1219	13	356	1	485.0	74.13	94.25	94.25	28.22	28.22	5,348;	13,356;	+485.0;	74.13;
At4g39520___KOG1487	369	1	369	+	SA_03561	369	1	368	1	653.0	91.33	100.00	100.00	99.73	99.73	1,369;	1,368;	+653.0;	91.33;
At1g30580___KOG1491	394	1	394	+	SA_23170	395	1	394	1	667.0	87.82	100.00	100.00	99.75	99.75	1,394;	1,394;	+667.0;	87.82;
At3g15020___KOG1494	341	1	341	+	SA_03041	345	5	343	1	535.0	82.70	100.00	100.00	98.26	98.26	1,341;	5,343;	+535.0;	82.70;
At5g09900___KOG1498	442	1	441	+	SA_17190	443	1	441	1	716.0	81.41	99.77	99.77	99.55	99.55	1,441;	1,441;	+716.0;	81.41;
At2g36880___KOG1506	390	1	390	+	SA_05420	391	1	390	1	717.0	91.28	100.00	100.00	99.74	99.74	1,390;	1,390;	+717.0;	91.28;
At2g31300___KOG1523	378	1	369	+	SA_12767	952	1	330	1	526.0	71.16	97.62	97.62	34.66	34.66	1,369;	1,330;	+526.0;	71.16;
At1g65930___KOG1526	410	1	406	+	SA_00182	611	197	604	1	727.0	86.76	99.02	99.02	66.78	66.78	1,406;	197,604;	+727.0;	86.76;
At2g33040___KOG1531	325	1	323	+	SA_22850	323	1	322	1	484.0	81.11	99.38	99.38	99.69	99.69	1,323;	1,322;	+484.0;	81.11;
At4g21800___KOG1532	379	14	344	+	SA_17152	462	95	423	1	486.0	78.25	87.34	87.34	71.21	71.21	14,344;	95,423;	+486.0;	78.25;
At5g22370___KOG1533	291	4	285	+	SA_11817	564	143	436	1	433.0	74.15	96.91	96.91	52.13	52.13	4,285;	143,436;	+433.0;	74.15;
At4g12790___KOG1534	282	6	265	+	SA_22988	295	29	277	1	348.0	63.41	92.20	92.20	84.41	84.41	6,265;	29,277;	+348.0;	63.41;
At4g15940___KOG1535	222	1	217	+	SA_20407	259	35	252	1	367.0	79.82	97.75	97.75	84.17	84.17	1,217;	35,252;	+367.0;	79.82;
At4g04940___KOG1539	931	1	931	+	SA_07412	908	1	907	1	1283.0	69.92	100.00	100.00	99.89	99.89	1,931;	1,907;	+1283.0;	69.92;
At5g57300___KOG1540	288	1	286	+	SA_00475	1182	38	327	1	459.0	74.83	99.31	99.31	24.53	24.53	1,286;	38,327;	+459.0;	74.83;
At5g57280___KOG1541	289	1	289	+	SA_08931	291	1	290	1	399.0	76.63	100.00	100.00	99.66	99.66	1,289;	1,290;	+399.0;	76.63;
At5g65720___KOG1549	453	1	453	+	SA_01318	458	1	457	1	738.0	77.51	100.00	100.00	99.78	99.78	1,453;	1,457;	+738.0;	77.51;
At5g23540___KOG1555	308	1	308	+	SA_11862	310	1	309	1	573.0	95.47	100.00	100.00	99.68	99.68	1,308;	1,309;	+573.0;	95.47;
At5g05780___KOG1556	308	1	308	+	SA_15547	311	1	308	1	489.0	89.29	100.00	100.00	99.04	99.04	1,308;	1,308;	+489.0;	89.29;
At1g70310___KOG1562	340	1	340	+	SA_01712	339	1	338	1	552.0	79.47	100.00	100.00	99.71	99.71	1,340;	1,338;	+552.0;	79.47;
At5g18940___KOG1566	315	1	293	+	SA_07618	432	1	308	1	405.0	66.87	93.02	93.02	71.30	71.30	1,293;	1,308;	+405.0;	66.87;
At3g27060___KOG1567	332	19	320	+	SA_08526	563	1	301	1	522.0	87.09	90.96	90.96	53.46	53.46	19,320;	1,301;	+522.0;	87.09;
At3g08980___KOG1568	154	1	153	+	SA_02905	688	279	440	1	204.0	58.64	99.35	99.35	23.55	23.55	1,153;	279,440;	+204.0;	58.64;
At5g52470___KOG1596	308	67	307	+	SA_13920	305	66	304	1	331.0	68.55	78.25	78.25	78.36	78.36	67,307;	66,304;	+331.0;	68.55;
At3g10330___KOG1597	312	1	299	+	SA_01326	620	1	301	1	540.0	89.04	95.83	95.83	48.55	48.55	1,299;	1,301;	+540.0;	89.04;
At5g09650___KOG1626	300	18	299	+	SA_10546	786	507	784	1	459.0	77.74	94.00	94.00	35.37	35.37	18,299;	507,784;	+459.0;	77.74;
At1g07370___KOG1636	263	1	260	+	SA_03994	265	1	260	1	489.0	89.23	98.86	98.86	98.11	98.11	1,260;	1,260;	+489.0;	89.23;
At5g26830___KOG1637	676	3	675	+	SA_10030	717	47	715	1	1016.0	74.89	99.56	99.56	93.31	93.31	3,675;	47,715;	+1016.0;	74.89;
At1g14980___KOG1641	97	2	96	+	SA_16837	98	3	97	1	157.0	75.79	97.94	97.94	96.94	96.94	2,96;	3,97;	+157.0;	75.79;
At3g55440___KOG1643	254	1	254	+	SA_14204	255	1	254	1	418.0	86.61	100.00	100.00	99.61	99.61	1,254;	1,254;	+418.0;	86.61;
At1g09760___KOG1644	249	1	241	+	SA_06367	290	1	246	1	281.0	80.08	96.79	96.79	84.83	84.83	1,241;	1,246;	+281.0;	80.08;
At4g31700___KOG1646	250	1	226	+	SA_25308	250	1	226	1	350.0	91.59	90.40	90.40	90.40	90.40	1,226;	1,226;	+350.0;	91.59;
At3g58730___KOG1647	261	1	261	+	SA_01476	262	1	261	1	450.0	81.61	100.00	100.00	99.62	99.62	1,261;	1,261;	+450.0;	81.61;
At4g21980___KOG1654	107	3	107	+	SA_05270	124	18	123	1	187.0	87.74	98.13	98.13	85.48	85.48	3,107;	18,123;	+187.0;	87.74;
At5g13450___KOG1662	238	1	233	+	SA_15187	469	221	464	1	266.0	54.92	97.90	97.90	52.03	52.03	1,233;	221,464;	+266.0;	54.92;
At4g11150___KOG1664	230	1	230	+	SA_18933	231	1	230	1	368.0	76.96	100.00	100.00	99.57	99.57	1,230;	1,230;	+368.0;	76.96;
At5g19510___KOG1668	224	1	224	+	SA_16337	222	1	221	1	248.0	71.88	100.00	100.00	99.55	99.55	1,224;	1,221;	+248.0;	71.88;
At4g16720___KOG1678	204	1	204	+	SA_15983	205	1	204	1	342.0	89.71	100.00	100.00	99.51	99.51	1,204;	1,204;	+342.0;	89.71;
At2g23310___KOG1688	211	28	200	+	SA_01274	200	9	182	1	237.0	63.79	81.99	81.99	87.00	87.00	28,200;	9,182;	+237.0;	63.79;
At1g26690___KOG1691	169	1	169	+	SA_10336	313	144	312	1	242.0	71.01	100.00	100.00	53.99	53.99	1,169;	144,312;	+242.0;	71.01;
At3g07680___KOG1692	208	6	208	+	SA_21394	213	10	212	1	327.0	73.89	97.60	97.60	95.31	95.31	6,208;	10,212;	+327.0;	73.89;
At4g22570___KOG1712	183	1	181	+	SA_02249	183	1	180	1	301.0	81.77	98.91	98.91	98.36	98.36	1,181;	1,180;	+301.0;	81.77;
At3g53020___KOG1722	163	1	113	+	SA_05950	190	26	138	1	217.0	90.27	69.33	69.33	59.47	59.47	1,113;	26,138;	+217.0;	90.27;
At2g44860___KOG1723	159	1	159	+	SA_29154	169	1	168	1	243.0	69.64	100.00	100.00	99.41	99.41	1,159;	1,168;	+243.0;	69.64;
At3g16640___KOG1727	168	1	168	+	SA_24971	169	1	168	1	244.0	76.19	100.00	100.00	99.41	99.41	1,168;	1,168;	+244.0;	76.19;
At4g30800___KOG1728	159	1	159	+	SA_25652	161	1	160	1	257.0	86.88	100.00	100.00	99.38	99.38	1,159;	1,160;	+257.0;	86.88;
At1g61570___KOG1733	87	26	85	+	SA_04328	89	26	85	1	77.0	76.67	68.97	68.97	67.42	67.42	26,85;	26,85;	+77.0;	76.67;
At1g70600___KOG1742	146	1	146	+	SA_11043	147	1	146	1	273.0	90.41	100.00	100.00	99.32	99.32	1,146;	1,146;	+273.0;	90.41;
At1g32210___KOG1746	115	1	115	+	SA_16042	116	1	115	1	202.0	84.35	100.00	100.00	99.14	99.14	1,115;	1,115;	+202.0;	84.35;
Hs11056056___KOG1750	138	54	127	+	SA_14390	137	36	117	1	52.8	39.02	53.62	53.62	59.85	59.85	54,127;	36,117;	+52.8;	39.02;
At3g04230___KOG1753	146	6	146	+	SA_20686	145	4	144	1	250.0	84.40	96.58	96.58	97.24	97.24	6,146;	4,144;	+250.0;	84.40;
At2g39590___KOG1754	136	7	136	+	SA_26386	131	1	130	1	249.0	90.77	95.59	95.59	99.24	99.24	7,136;	1,130;	+249.0;	90.77;
At5g56600___KOG1755	131	1	131	+	SA_26144	132	1	131	1	219.0	75.57	100.00	100.00	99.24	99.24	1,131;	1,131;	+219.0;	75.57;
At5g47030___KOG1758	203	26	203	+	SA_02294	203	23	202	1	300.0	80.00	87.68	87.68	88.67	88.67	26,203;	23,202;	+300.0;	80.00;
At1g08780___KOG1760	130	3	130	+	SA_11256	223	97	222	1	172.0	74.22	98.46	98.46	56.50	56.50	3,130;	97,222;	+172.0;	74.22;
At4g00810___KOG1762	110	1	60	+	SA_28363	112	1	62	1	88.2	71.43	54.55	54.55	55.36	55.36	1,60;	1,62;	+88.2;	71.43;
At4g26840___KOG1769	100	1	95	+	SA_12672	101	1	95	1	179.0	88.42	95.00	95.00	94.06	94.06	1,95;	1,95;	+179.0;	88.42;
At5g54940___KOG1770	112	1	112	+	SA_05089	113	1	112	1	195.0	83.04	100.00	100.00	99.12	99.12	1,112;	1,112;	+195.0;	83.04;
At4g23710___KOG1772	106	5	106	+	SA_15322	435	333	434	1	120.0	70.59	96.23	96.23	23.45	23.45	5,106;	333,434;	+120.0;	70.59;
At4g30330___KOG1774	86	1	86	+	SA_28669	89	1	86	1	163.0	93.02	100.00	100.00	96.63	96.63	1,86;	1,86;	+163.0;	93.02;
At5g48870___KOG1775	88	26	85	+	SA_26718	63	1	60	1	116.0	93.33	68.18	68.18	95.24	95.24	26,85;	1,60;	+116.0;	93.33;
At5g47930___KOG1779	84	1	84	+	SA_26888	87	1	84	1	132.0	94.05	100.00	100.00	96.55	96.55	1,84;	1,84;	+132.0;	94.05;
At3g11500___KOG1780	79	1	79	+	SA_25491	80	1	79	1	149.0	91.14	100.00	100.00	98.75	98.75	1,79;	1,79;	+149.0;	91.14;
At2g03870___KOG1781	99	1	98	+	SA_16718	100	1	98	1	177.0	88.78	98.99	98.99	98.00	98.00	1,98;	1,98;	+177.0;	88.78;
At1g19120___KOG1782	128	2	128	+	SA_09292	135	8	134	1	211.0	80.31	99.22	99.22	94.07	94.07	2,128;	8,134;	+211.0;	80.31;
At1g65700___KOG1784	98	1	98	+	SA_22982	99	1	98	1	172.0	84.69	100.00	100.00	98.99	98.99	1,98;	1,98;	+172.0;	84.69;
At4g38780___KOG1795	2352	1	2352	+	SA_19924	2350	1	2349	1	4356.0	90.47	100.00	100.00	99.96	99.96	1,2352;	1,2349;	+4356.0;	90.47;
At4g32360___KOG1800	444	12	442	+	SA_03906	692	12	482	1	592.0	63.98	97.07	97.07	68.06	68.06	12,442;	12,482;	+592.0;	63.98;
At4g38930___KOG1816	315	1	315	+	SA_10648	323	1	322	1	394.0	68.42	100.00	100.00	99.69	99.69	1,315;	1,322;	+394.0;	68.42;
At3g21280___KOG1872	488	1	488	+	SA_04663	481	1	480	1	701.0	71.28	100.00	100.00	99.79	99.79	1,488;	1,480;	+701.0;	71.28;
At3g11710___KOG1885	626	88	608	+	SA_08937	1067	527	1052	1	926.0	80.61	83.23	83.23	49.30	49.30	88,608;	527,1052;	+926.0;	80.61;
At5g66020___KOG1889	549	3	532	+	SA_13409	559	7	514	1	784.0	71.21	96.54	96.54	90.88	90.88	3,532;	7,514;	+784.0;	71.21;
At5g45990___KOG1915	673	1	669	+	SA_22670	698	11	688	1	1014.0	76.29	99.41	99.41	97.13	97.13	1,669;	11,688;	+1014.0;	76.29;
At3g02760___KOG1936	479	9	479	+	SA_10714	1281	850	1269	1	570.0	61.57	98.33	98.33	32.79	32.79	9,479;	850,1269;	+570.0;	61.57;
At5g22330___KOG1942	458	4	458	+	SA_16385	456	1	455	1	817.0	91.43	99.34	99.34	99.78	99.78	4,458;	1,455;	+817.0;	91.43;
At4g09140___KOG1979	737	10	737	+	SA_18606	747	17	746	1	1084.0	73.94	98.78	98.78	97.72	97.72	10,737;	17,746;	+1084.0;	73.94;
At1g42440___KOG1980	766	4	764	+	SA_21469	867	29	767	1	1013.0	66.10	99.35	99.35	85.24	85.24	4,764;	29,767;	+1013.0;	66.10;
At2g21630___KOG1986	761	1	761	+	SA_21846	764	1	763	1	1061.0	69.32	100.00	100.00	99.87	99.87	1,761;	1,763;	+1061.0;	69.32;
At2g46520___KOG1992	972	1	969	+	SA_22715	979	1	975	1	1406.0	70.90	99.69	99.69	99.59	99.59	1,969;	1,975;	+1406.0;	70.90;
At5g26860___KOG2004	940	1	940	+	SA_23071	1031	52	1029	1	1440.0	75.77	100.00	100.00	94.86	94.86	1,940;	52,1029;	+1440.0;	75.77;
At4g24940___KOG2014	319	1	315	+	SA_24744	322	1	318	1	458.0	68.24	98.75	98.75	98.76	98.76	1,315;	1,318;	+458.0;	68.24;
At5g55130___KOG2017	464	1	464	+	SA_05103	638	175	637	1	652.0	68.51	100.00	100.00	72.57	72.57	1,464;	175,637;	+652.0;	68.51;
At5g27740___KOG2035	354	1	340	+	SA_28221	402	48	387	1	581.0	84.71	96.05	96.05	84.58	84.58	1,340;	48,387;	+581.0;	84.71;
At1g10490___KOG2036	1028	1	1027	+	SA_17374	1033	1	1031	1	1388.0	72.31	99.90	99.90	99.81	99.81	1,1027;	1,1031;	+1388.0;	72.31;
At1g54490___KOG2044	947	1	884	+	SA_02607	952	1	882	1	1171.0	68.61	93.35	93.35	92.65	92.65	1,884;	1,882;	+1171.0;	68.61;
At5g28740___KOG2047	917	1	914	+	SA_28088	927	1	923	1	1404.0	76.57	99.67	99.67	99.57	99.57	1,914;	1,923;	+1404.0;	76.57;
At3g16480___KOG2067	448	1	448	+	SA_15493	507	55	504	1	612.0	68.89	100.00	100.00	88.76	88.76	1,448;	55,504;	+612.0;	68.89;
At1g27310___KOG2104	122	1	117	+	SA_16224	242	1	118	1	207.0	83.90	95.90	95.90	48.76	48.76	1,117;	1,118;	+207.0;	83.90;
At2g28520___KOG2189	780	1	775	+	SA_09529	1408	1	813	1	1204.0	73.96	99.36	99.36	57.74	57.74	1,775;	1,813;	+1204.0;	73.96;
At2g24990___KOG2270	537	40	451	+	SA_03389	474	39	451	1	656.0	75.30	76.72	76.72	87.13	87.13	40,451;	39,451;	+656.0;	75.30;
At4g17830___KOG2276	401	1	399	+	SA_16024	438	38	436	1	674.0	81.20	99.50	99.50	91.10	91.10	1,399;	38,436;	+674.0;	81.20;
At1g34130___KOG2292	729	42	728	+	SA_10925	744	50	742	1	1254.0	89.32	94.24	94.24	93.15	93.15	42,728;	50,742;	+1254.0;	89.32;
At1g55090___KOG2303	725	1	725	+	SA_18974	734	1	733	1	1236.0	81.28	100.00	100.00	99.86	99.86	1,725;	1,733;	+1236.0;	81.28;
At3g51190___KOG2309	260	1	239	+	SA_05599	261	1	238	1	432.0	86.19	91.92	91.92	91.19	91.19	1,239;	1,238;	+432.0;	86.19;
At2g13440___KOG2311	723	73	715	+	SA_13302	724	78	714	1	1028.0	83.36	88.93	88.93	87.98	87.98	73,715;	78,714;	+1028.0;	83.36;
At3g56990___KOG2321	711	1	675	+	SA_23936	688	1	667	1	832.0	66.12	94.94	94.94	96.95	96.95	1,675;	1,667;	+832.0;	66.12;
At4g02120___KOG2387	539	20	537	+	SA_26752	609	67	588	1	845.0	80.84	96.10	96.10	85.71	85.71	20,537;	67,588;	+845.0;	80.84;
At2g43400___KOG2415	633	68	633	+	SA_21235	606	40	605	1	927.0	77.25	89.42	89.42	93.40	93.40	68,633;	40,605;	+927.0;	77.25;
At5g42740___KOG2446	560	33	557	+	SA_22072	538	1	525	1	922.0	84.38	93.75	93.75	97.58	97.58	33,557;	1,525;	+922.0;	84.38;
At1g79440___KOG2451	528	14	525	+	SA_17838	535	13	531	1	802.0	75.72	96.97	96.97	97.01	97.01	14,525;	13,531;	+802.0;	75.72;
At4g32520___KOG2467	462	3	461	+	SA_00844	530	70	528	1	815.0	84.97	99.35	99.35	86.60	86.60	3,461;	70,528;	+815.0;	84.97;
At1g72550___KOG2472	598	1	579	+	SA_24640	611	1	573	1	910.0	76.90	96.82	96.82	93.78	93.78	1,579;	1,573;	+910.0;	76.90;
At5g14520___KOG2481	590	1	584	+	SA_15672	718	122	702	1	756.0	68.17	98.98	98.98	80.92	80.92	1,584;	122,702;	+756.0;	68.17;
At1g11870___KOG2509	512	60	510	+	SA_14711	608	152	605	1	689.0	76.43	88.09	88.09	74.67	74.67	60,510;	152,605;	+689.0;	76.43;
At5g26675___KOG2519	465	1	366	+	SA_23289	460	1	354	1	621.0	81.42	78.71	78.71	76.96	76.96	1,366;	1,354;	+621.0;	81.42;
At3g57150___KOG2529	565	1	411	+	SA_18300	1402	536	959	1	733.0	86.56	72.74	72.74	30.24	30.24	1,411;	536,959;	+733.0;	86.56;
At5g49650___KOG2531	558	1	556	+	SA_12431	559	1	556	1	849.0	72.48	99.64	99.64	99.46	99.46	1,556;	1,556;	+849.0;	72.48;
At5g50320___KOG2535	559	3	558	+	SA_27256	564	7	562	1	1032.0	92.99	99.46	99.46	98.58	98.58	3,558;	7,562;	+1032.0;	92.99;
At5g18070___KOG2537	556	1	556	+	SA_23708	587	30	584	1	710.0	65.30	100.00	100.00	94.55	94.55	1,556;	30,584;	+710.0;	65.30;
At2g35040___KOG2555	545	15	539	+	SA_26045	1159	157	680	1	912.0	85.52	96.33	96.33	45.21	45.21	15,539;	157,680;	+912.0;	85.52;
At3g05060___KOG2572	533	2	445	+	SA_13364	565	1	444	1	745.0	80.18	83.30	83.30	78.58	78.58	2,445;	1,444;	+745.0;	80.18;
At1g60170___KOG2574	511	27	510	+	SA_01711	484	1	482	1	620.0	75.72	94.72	94.72	99.59	99.59	27,510;	1,482;	+620.0;	75.72;
At5g38460___KOG2575	533	1	531	+	SA_15484	525	1	522	1	642.0	58.66	99.62	99.62	99.43	99.43	1,531;	1,522;	+642.0;	58.66;
At3g62940___KOG2606	332	1	325	+	SA_24473	321	1	318	1	361.0	64.76	97.89	97.89	99.07	99.07	1,325;	1,318;	+361.0;	64.76;
At2g03820___KOG2613	516	1	490	+	SA_24732	547	37	525	1	692.0	68.15	94.96	94.96	89.40	89.40	1,490;	37,525;	+692.0;	68.15;
At3g60100___KOG2617	433	5	430	+	SA_24036	742	307	736	1	724.0	84.22	98.38	98.38	57.95	57.95	5,430;	307,736;	+724.0;	84.22;
At3g02660___KOG2623	511	68	511	+	SA_26884	493	54	492	1	663.0	75.45	86.89	86.89	89.05	89.05	68,511;	54,492;	+663.0;	75.45;
At5g06160___KOG2636	504	1	504	+	SA_01653	455	1	454	1	631.0	67.66	100.00	100.00	99.78	99.78	1,504;	1,454;	+631.0;	67.66;
At3g03250___KOG2638	469	8	469	+	SA_00181	476	14	475	1	744.0	81.17	98.51	98.51	97.06	97.06	8,469;	14,475;	+744.0;	81.17;
At3g02360___KOG2653	486	5	486	+	SA_14617	489	7	488	1	849.0	88.59	99.18	99.18	98.57	98.57	5,486;	7,488;	+849.0;	88.59;
At1g74030___KOG2670	477	47	477	+	SA_22873	477	46	476	1	800.0	90.95	90.36	90.36	90.36	90.36	47,477;	46,476;	+800.0;	90.95;
At5g67630___KOG2680	469	1	451	+	SA_25261	468	1	452	1	758.0	85.84	96.16	96.16	96.58	96.58	1,451;	1,452;	+758.0;	85.84;
At1g36280___KOG2700	518	24	501	+	SA_26351	708	206	685	1	751.0	73.54	92.28	92.28	67.80	67.80	24,501;	206,685;	+751.0;	73.54;
At5g22480___KOG2703	493	3	487	+	SA_23194	500	4	492	1	760.0	74.75	98.38	98.38	97.80	97.80	3,487;	4,492;	+760.0;	74.75;
At2g45270___KOG2707	463	5	449	+	SA_02099	1218	6	459	1	575.0	68.60	96.11	96.11	37.27	37.27	5,449;	6,459;	+575.0;	68.60;
At5g40610___KOG2711	400	50	399	+	SA_21694	388	27	376	1	624.0	85.14	87.50	87.50	90.21	90.21	50,399;	27,376;	+624.0;	85.14;
At4g01320___KOG2719	459	1	394	+	SA_02372	722	339	665	1	498.0	69.37	85.84	85.84	45.29	45.29	1,394;	339,665;	+498.0;	69.37;
At2g47020___KOG2726	395	1	393	+	SA_07850	430	60	427	1	576.0	73.28	99.49	99.49	85.58	85.58	1,393;	60,427;	+576.0;	73.28;
At5g02080___KOG2728	270	1	255	+	SA_16895	419	32	291	1	340.0	66.92	94.44	94.44	62.05	62.05	1,255;	32,291;	+340.0;	66.92;
At2g42120___KOG2732	456	1	454	+	SA_20593	443	4	441	1	696.0	72.03	99.56	99.56	98.87	98.87	1,454;	4,441;	+696.0;	72.03;
At4g37040___KOG2738	305	1	305	+	SA_23915	1190	840	1189	1	509.0	70.29	100.00	100.00	29.41	29.41	1,305;	840,1189;	+509.0;	70.29;
At3g04680___KOG2749	444	100	443	+	SA_26243	344	1	343	1	506.0	69.57	77.48	77.48	99.71	99.71	100,443;	1,343;	+506.0;	69.57;
At5g66680___KOG2754	442	46	442	+	SA_14991	480	45	479	1	582.0	65.45	89.82	89.82	90.62	90.62	46,442;	45,479;	+582.0;	65.45;
At1g67070___KOG2757	441	21	438	+	SA_08098	428	5	425	1	515.0	61.85	94.78	94.78	98.36	98.36	21,438;	5,425;	+515.0;	61.85;
At1g36730___KOG2767	439	1	439	+	SA_03487	447	1	446	1	457.0	61.81	100.00	100.00	99.78	99.78	1,439;	1,446;	+457.0;	61.81;
At1g11860___KOG2770	408	1	408	+	SA_21048	411	1	410	1	747.0	87.56	100.00	100.00	99.76	99.76	1,408;	1,410;	+747.0;	87.56;
At1g12230___KOG2772	377	64	377	+	SA_07182	871	530	870	1	504.0	75.73	83.29	83.29	39.15	39.15	64,377;	530,870;	+504.0;	75.73;
At3g59990___KOG2775	435	74	435	+	SA_27691	427	61	426	1	711.0	90.16	83.22	83.22	85.71	85.71	74,435;	61,426;	+711.0;	90.16;
At1g63780___KOG2781	294	1	289	+	SA_18134	740	1	288	1	482.0	77.16	98.30	98.30	38.92	38.92	1,289;	1,288;	+482.0;	77.16;
At3g58140___KOG2783	435	40	435	+	SA_19340	463	49	462	1	636.0	72.99	91.03	91.03	89.42	89.42	40,435;	49,462;	+636.0;	72.99;
At4g39280___KOG2784	428	1	428	+	SA_18754	489	1	486	1	689.0	71.87	100.00	100.00	99.39	99.39	1,428;	1,486;	+689.0;	71.87;
At2g24500___KOG2785	395	1	395	+	SA_05715	410	1	409	1	443.0	60.39	100.00	100.00	99.76	99.76	1,395;	1,409;	+443.0;	60.39;
At3g08950___KOG2792	273	55	273	+	SA_11181	318	99	317	1	380.0	76.71	80.22	80.22	68.87	68.87	55,273;	99,317;	+380.0;	76.71;
At2g38670___KOG2803	421	54	421	+	SA_02987	457	65	456	1	640.0	83.46	87.41	87.41	85.78	85.78	54,421;	65,456;	+640.0;	83.46;
At1g05050___KOG2807	421	28	421	+	SA_09534	419	32	418	1	567.0	74.87	93.59	93.59	92.36	92.36	28,421;	32,418;	+567.0;	74.87;
At1g01910___KOG2825	344	1	344	+	SA_26082	358	1	353	1	527.0	78.75	100.00	100.00	98.60	98.60	1,344;	1,353;	+527.0;	78.75;
At3g54250___KOG2833	413	6	413	+	SA_14128	419	5	418	1	657.0	78.26	98.79	98.79	98.81	98.81	6,413;	5,418;	+657.0;	78.26;
At5g41880___KOG2851	407	1	387	+	SA_26004	459	1	412	1	558.0	63.44	95.09	95.09	89.76	89.76	1,387;	1,412;	+558.0;	63.44;
At3g09820___KOG2854	344	7	343	+	SA_20822	342	4	340	1	607.0	85.16	97.97	97.97	98.54	98.54	7,343;	4,340;	+607.0;	85.16;
At1g17160___KOG2855	379	69	376	+	SA_27867	376	61	368	1	402.0	71.52	81.27	81.27	81.91	81.91	69,376;	61,368;	+402.0;	71.52;
At5g08420___KOG2874	391	29	325	+	SA_12091	384	22	318	1	388.0	75.42	75.96	75.96	77.34	77.34	29,325;	22,318;	+388.0;	75.42;
At3g25585___KOG2877	389	1	389	+	SA_06581	390	1	389	1	661.0	79.95	100.00	100.00	99.74	99.74	1,389;	1,389;	+661.0;	79.95;
At4g07950___KOG2906	106	1	66	+	SA_06719	87	1	69	1	73.9	50.72	62.26	62.26	79.31	79.31	1,66;	1,69;	+73.9;	50.72;
At5g45620___KOG2908	375	1	325	+	SA_06983	386	1	324	1	510.0	79.08	86.67	86.67	83.94	83.94	1,325;	1,324;	+510.0;	79.08;
At1g12840___KOG2909	370	1	369	+	SA_22157	378	1	376	1	629.0	82.18	99.73	99.73	99.47	99.47	1,369;	1,376;	+629.0;	82.18;
At5g05470___KOG2916	344	1	313	+	SA_20934	957	1	313	1	502.0	83.07	90.99	90.99	32.71	32.71	1,313;	1,313;	+502.0;	83.07;
Hs7657508___KOG2930	108	21	105	+	SA_15419	217	40	124	1	179.0	96.47	78.70	78.70	39.17	39.17	21,105;	40,124;	+179.0;	96.47;
At3g49320___KOG2948	354	32	352	+	SA_07338	381	58	378	1	511.0	74.45	90.68	90.68	84.25	84.25	32,352;	58,378;	+511.0;	74.45;
At5g46150___KOG2952	329	19	327	+	SA_07628	707	379	687	1	457.0	67.96	93.92	93.92	43.71	43.71	19,327;	379,687;	+457.0;	67.96;
At3g28710___KOG2957	351	1	351	+	SA_20859	352	1	351	1	696.0	92.88	100.00	100.00	99.72	99.72	1,351;	1,351;	+696.0;	92.88;
At5g47680___KOG2967	344	72	338	+	SA_14990	343	82	338	1	311.0	65.43	77.62	77.62	74.93	74.93	72,338;	82,338;	+311.0;	65.43;
At3g15460___KOG2971	315	1	314	+	SA_27320	316	1	315	1	493.0	77.04	99.68	99.68	99.68	99.68	1,314;	1,315;	+493.0;	77.04;
At5g61500___KOG2981	311	1	310	+	SA_12537	316	1	313	1	549.0	85.94	99.68	99.68	99.05	99.05	1,310;	1,313;	+549.0;	85.94;
At1g36240___KOG2988	112	1	112	+	SA_19099	113	1	112	1	205.0	85.71	100.00	100.00	99.12	99.12	1,112;	1,112;	+205.0;	85.71;
At1g03360___KOG3013	322	3	322	+	SA_02000	328	1	326	1	449.0	69.51	99.38	99.38	99.39	99.39	3,322;	1,326;	+449.0;	69.51;
At5g50960___KOG3022	295	1	270	+	SA_08541	357	1	266	1	442.0	78.89	91.53	91.53	74.51	74.51	1,270;	1,266;	+442.0;	78.89;
At3g23620___KOG3031	269	1	254	+	SA_01123	315	46	299	1	398.0	74.80	94.42	94.42	80.63	80.63	1,254;	46,299;	+398.0;	74.80;
At5g23290___KOG3048	151	8	149	+	SA_14078	158	16	157	1	219.0	72.54	94.04	94.04	89.87	89.87	8,149;	16,157;	+219.0;	72.54;
At3g27380___KOG3049	279	3	278	+	SA_15696	600	324	596	1	451.0	78.06	98.92	98.92	45.50	45.50	3,278;	324,596;	+451.0;	78.06;
At3g27240___KOG3052	307	1	307	+	SA_19614	308	1	307	1	447.0	80.97	100.00	100.00	99.68	99.68	1,307;	1,307;	+447.0;	80.97;
At1g23280___KOG3064	303	1	191	+	SA_10420	452	1	190	1	327.0	81.15	63.04	63.04	42.04	42.04	1,191;	1,190;	+327.0;	81.15;
At3g60180___KOG3079	210	25	209	+	SA_28983	207	19	203	1	279.0	76.76	88.10	88.10	89.37	89.37	25,209;	19,203;	+279.0;	76.76;
At5g44140___KOG3090	278	5	278	+	SA_26542	292	7	280	1	410.0	77.74	98.56	98.56	93.84	93.84	5,278;	7,280;	+410.0;	77.74;
At1g29330___KOG3106	215	1	215	+	SA_28166	216	1	215	1	373.0	80.00	100.00	100.00	99.54	99.54	1,215;	1,215;	+373.0;	80.00;
At5g24400___KOG3147	256	4	256	+	SA_28718	316	61	315	1	351.0	69.80	98.83	98.83	80.70	80.70	4,256;	61,315;	+351.0;	69.80;
At2g18000___KOG3149	202	29	197	+	SA_09392	175	6	172	1	233.0	65.68	83.66	83.66	95.43	95.43	29,197;	6,172;	+233.0;	65.68;
At1g11930___KOG3157	255	3	255	+	SA_20067	441	179	437	1	396.0	74.90	99.22	99.22	58.73	58.73	3,255;	179,437;	+396.0;	74.90;
At5g06360___KOG3163	260	1	260	+	SA_25514	261	1	260	1	491.0	90.38	100.00	100.00	99.62	99.62	1,260;	1,260;	+491.0;	90.38;
At2g34570___KOG3164	258	1	232	+	SA_26890	313	1	241	1	249.0	48.76	89.92	89.92	77.00	77.00	1,232;	1,241;	+249.0;	48.76;
At5g08180___KOG3167	156	1	156	+	SA_27140	155	1	154	1	222.0	72.44	100.00	100.00	99.35	99.35	1,156;	1,154;	+222.0;	72.44;
At1g71790___KOG3174	263	1	230	+	SA_18553	257	1	230	1	394.0	81.74	87.45	87.45	89.49	89.49	1,230;	1,230;	+394.0;	81.74;
At5g43430___KOG3180	251	1	251	+	SA_17113	252	1	251	1	419.0	79.68	100.00	100.00	99.60	99.60	1,251;	1,251;	+419.0;	79.68;
At3g55620___KOG3185	245	1	245	+	SA_13396	246	1	245	1	471.0	91.84	100.00	100.00	99.59	99.59	1,245;	1,245;	+471.0;	91.84;
At4g12590___KOG3188	246	1	246	+	SA_20047	247	1	246	1	461.0	90.24	100.00	100.00	99.60	99.60	1,246;	1,246;	+461.0;	90.24;
At2g45790___KOG3189	246	1	246	+	SA_27433	249	1	246	1	413.0	82.52	100.00	100.00	98.80	98.80	1,246;	1,246;	+413.0;	82.52;
At5g48760___KOG3204	206	1	206	+	SA_23331	207	1	206	1	391.0	88.83	100.00	100.00	99.52	99.52	1,206;	1,206;	+391.0;	88.83;
At3g07880___KOG3205	240	38	239	+	SA_03066	671	464	668	1	343.0	77.56	84.17	84.17	30.55	30.55	38,239;	464,668;	+343.0;	77.56;
At3g22320___KOG3218	205	2	205	+	SA_03906	692	488	691	1	363.0	84.80	99.51	99.51	29.48	29.48	2,205;	488,691;	+363.0;	84.80;
At4g13720___KOG3222	231	1	220	+	SA_21302	615	1	195	1	295.0	68.64	95.24	95.24	31.71	31.71	1,220;	1,195;	+295.0;	68.64;
At5g22950___KOG3229	229	1	229	+	SA_19166	182	1	181	1	219.0	66.38	100.00	100.00	99.45	99.45	1,229;	1,181;	+219.0;	66.38;
At1g73030___KOG3232	203	1	203	+	SA_04656	204	1	203	1	342.0	92.61	100.00	100.00	99.51	99.51	1,203;	1,203;	+342.0;	92.61;
At3g60360___KOG3237	228	1	228	+	SA_11602	230	1	229	1	308.0	63.76	100.00	100.00	99.57	99.57	1,228;	1,229;	+308.0;	63.76;
At5g11900___KOG3239	228	1	211	+	SA_23663	179	1	173	1	246.0	62.56	92.54	92.54	96.65	96.65	1,211;	1,173;	+246.0;	62.56;
At1g13950___KOG3271	158	1	158	+	SA_24667	160	1	159	1	290.0	88.68	100.00	100.00	99.38	99.38	1,158;	1,159;	+290.0;	88.68;
At3g13230___KOG3273	215	31	215	+	SA_11610	220	33	217	1	346.0	85.41	86.05	86.05	84.09	84.09	31,215;	33,217;	+346.0;	85.41;
At3g56490___KOG3275	129	1	129	+	SA_20553	130	1	129	1	236.0	83.72	100.00	100.00	99.23	99.23	1,129;	1,129;	+236.0;	83.72;
At5g59240___KOG3283	219	12	204	+	SA_05116	219	3	204	1	334.0	86.14	88.13	88.13	92.24	92.24	12,204;	3,204;	+334.0;	86.14;
At4g05000___KOG3284	209	1	209	+	SA_01385	210	1	209	1	355.0	83.73	100.00	100.00	99.52	99.52	1,209;	1,209;	+355.0;	83.73;
At3g25980___KOG3285	209	1	208	+	SA_03651	208	1	207	1	382.0	88.46	99.52	99.52	99.52	99.52	1,208;	1,207;	+382.0;	88.46;
At3g11940___KOG3291	207	7	207	+	SA_14507	203	3	202	1	369.0	86.57	97.10	97.10	98.52	98.52	7,207;	3,202;	+369.0;	86.57;
At5g23900___KOG3295	206	1	186	+	SA_26065	207	1	186	1	297.0	82.26	90.29	90.29	89.86	89.86	1,186;	1,186;	+297.0;	82.26;
At1g06790___KOG3297	204	1	195	+	SA_16711	204	1	203	1	228.0	56.65	95.59	95.59	99.51	99.51	1,195;	1,203;	+228.0;	56.65;
At5g15200___KOG3301	198	1	178	+	SA_22815	198	1	178	1	334.0	91.01	89.90	89.90	89.90	89.90	1,178;	1,178;	+334.0;	91.01;
At4g09800___KOG3311	152	1	152	+	SA_10811	153	1	152	1	274.0	96.71	100.00	100.00	99.35	99.35	1,152;	1,152;	+274.0;	96.71;
At5g49510___KOG3313	195	49	183	+	SA_25006	155	11	145	1	245.0	85.93	69.23	69.23	87.10	87.10	49,183;	11,145;	+245.0;	85.93;
At5g10780___KOG3318	194	1	168	+	SA_25633	181	1	168	1	254.0	85.12	86.60	86.60	92.82	92.82	1,168;	1,168;	+254.0;	85.12;
At1g48830___KOG3320	191	1	191	+	SA_15465	192	1	191	1	326.0	79.06	100.00	100.00	99.48	99.48	1,191;	1,191;	+326.0;	79.06;
At5g54750___KOG3330	186	4	186	+	SA_27992	188	5	187	1	350.0	90.71	98.39	98.39	97.34	97.34	4,186;	5,187;	+350.0;	90.71;
At1g60970___KOG3343	162	1	158	+	SA_06928	178	1	158	1	259.0	79.75	97.53	97.53	88.76	88.76	1,158;	1,158;	+259.0;	79.75;
At4g16710___KOG3349	176	3	176	+	SA_17996	184	10	183	1	262.0	72.41	98.86	98.86	94.57	94.57	3,176;	10,183;	+262.0;	72.41;
7299098___KOG3361	154	25	150	+	SA_22739	175	28	154	1	211.0	79.53	81.82	81.82	72.57	72.57	25,150;	28,154;	+211.0;	79.53;
At3g05230___KOG3372	167	1	167	+	SA_17995	168	1	167	1	254.0	77.25	100.00	100.00	99.40	99.40	1,167;	1,167;	+254.0;	77.25;
At4g12600___KOG3387	128	1	128	+	SA_08664	129	1	128	1	216.0	93.75	100.00	100.00	99.22	99.22	1,128;	1,128;	+216.0;	93.75;
At3g59600___KOG3400	146	5	146	+	SA_21758	152	1	151	1	218.0	67.55	97.26	97.26	99.34	99.34	5,146;	1,151;	+218.0;	67.55;
At4g21110___KOG3404	145	1	145	+	SA_25475	146	1	145	1	273.0	86.21	100.00	100.00	99.32	99.32	1,145;	1,145;	+273.0;	86.21;
YPR187w___KOG3405	155	78	154	+	SA_07937	206	57	133	1	134.0	81.82	49.68	49.68	37.38	37.38	78,154;	57,133;	+134.0;	81.82;
At1g15930___KOG3406	144	23	144	+	SA_11447	140	18	139	1	181.0	72.13	84.72	84.72	87.14	87.14	23,144;	18,139;	+181.0;	72.13;
At5g15520___KOG3411	143	1	140	+	SA_08047	144	1	140	1	260.0	87.14	97.90	97.90	97.22	97.22	1,140;	1,140;	+260.0;	87.14;
At2g32220___KOG3418	135	1	135	+	SA_24368	136	1	135	1	207.0	78.52	100.00	100.00	99.26	99.26	1,135;	1,135;	+207.0;	78.52;
At3g07590___KOG3428	114	1	86	+	SA_28814	115	1	86	1	164.0	93.02	75.44	75.44	74.78	74.78	1,86;	1,86;	+164.0;	93.02;
At4g27360___KOG3430	96	1	96	+	SA_17091	110	8	103	1	143.0	70.83	100.00	100.00	87.27	87.27	1,96;	8,103;	+143.0;	70.83;
At4g02620___KOG3432	128	1	126	+	SA_18019	251	121	246	1	230.0	86.51	98.44	98.44	50.20	50.20	1,126;	121,246;	+230.0;	86.51;
At3g09500___KOG3436	123	1	123	+	SA_21015	124	1	123	1	164.0	89.43	100.00	100.00	99.19	99.19	1,123;	1,123;	+164.0;	89.43;
At3g59280___KOG3442	121	7	121	+	SA_21273	117	2	116	1	181.0	75.65	95.04	95.04	98.29	98.29	7,121;	2,116;	+181.0;	75.65;
At1g03330___KOG3448	93	1	93	+	SA_28820	584	491	583	1	186.0	94.62	100.00	100.00	15.92	15.92	1,93;	491,583;	+186.0;	94.62;
At3g44590___KOG3449	111	18	62	+	SA_00515	116	18	62	1	64.3	71.11	40.54	40.54	38.79	38.79	18,62;	18,62;	+64.3;	71.11;
At1g22840___KOG3453	114	1	112	+	SA_00304	114	1	112	1	211.0	89.29	98.25	98.25	98.25	98.25	1,112;	1,112;	+211.0;	89.29;
At3g60540___KOG3457	81	2	79	+	SA_11335	428	350	426	1	113.0	79.49	96.30	96.30	17.99	17.99	2,79;	350,426;	+113.0;	79.49;
At2g47640___KOG3459	108	18	108	+	SA_02800	106	15	105	1	184.0	97.80	84.26	84.26	85.85	85.85	18,108;	15,105;	+184.0;	97.80;
At4g24440___KOG3463	106	1	106	+	SA_18384	2015	1909	2014	1	202.0	88.68	100.00	100.00	5.26	5.26	1,106;	1909,2014;	+202.0;	88.68;
At4g14320___KOG3464	105	1	105	+	SA_26513	106	1	105	1	201.0	94.29	100.00	100.00	99.06	99.06	1,105;	1,105;	+201.0;	94.29;
At1g52300___KOG3475	95	1	87	+	SA_04620	97	1	87	1	155.0	83.91	91.58	91.58	89.69	89.69	1,87;	1,87;	+155.0;	83.91;
At3g46560___KOG3479	93	1	93	+	SA_13566	94	1	93	1	157.0	80.65	100.00	100.00	98.94	98.94	1,93;	1,93;	+157.0;	80.65;
At2g29530___KOG3480	83	3	83	+	SA_03997	86	5	85	1	133.0	74.07	97.59	97.59	94.19	94.19	3,83;	5,85;	+133.0;	74.07;
At4g30220___KOG3482	88	1	88	+	SA_06119	89	1	88	1	165.0	88.64	100.00	100.00	98.88	98.88	1,88;	1,88;	+165.0;	88.64;
At5g50810___KOG3489	77	1	76	+	SA_04965	126	48	123	1	120.0	72.37	98.70	98.70	60.32	60.32	1,76;	48,123;	+120.0;	72.37;
At3g45180___KOG3493	73	1	73	+	SA_09551	74	1	73	1	144.0	95.89	100.00	100.00	98.65	98.65	1,73;	1,73;	+144.0;	95.89;
At1g61700___KOG3497	71	1	71	+	SA_06474	72	1	71	1	137.0	90.14	100.00	100.00	98.61	98.61	1,71;	1,71;	+137.0;	90.14;
At3g48570___KOG3498	69	1	69	+	SA_27264	70	1	69	1	94.4	89.86	100.00	100.00	98.57	98.57	1,69;	1,69;	+94.4;	89.86;
At2g43460___KOG3499	69	1	69	+	SA_27757	70	1	69	1	126.0	86.96	100.00	100.00	98.57	98.57	1,69;	1,69;	+126.0;	86.96;
At5g64140___KOG3502	64	1	50	+	SA_14508	118	53	103	1	92.8	90.20	78.12	78.12	43.22	43.22	1,50;	53,103;	+92.8;	90.20;
At2g20490___KOG3503	64	1	64	+	SA_02991	65	1	64	1	112.0	84.38	100.00	100.00	98.46	98.46	1,64;	1,64;	+112.0;	84.38;
At3g44010___KOG3506	56	1	56	+	SA_14926	145	89	144	1	112.0	91.07	100.00	100.00	38.62	38.62	1,56;	89,144;	+112.0;	91.07;
At3g24200___KOG3855	509	1	509	+	SA_26600	992	498	991	1	543.0	60.08	100.00	100.00	49.80	49.80	1,509;	498,991;	+543.0;	60.08;
At1g50940___KOG3954	363	41	363	+	SA_21341	319	22	318	1	442.0	67.18	88.98	88.98	93.10	93.10	41,363;	22,318;	+442.0;	67.18;
At5g19150___KOG3974	382	25	358	+	SA_20892	382	27	374	1	469.0	67.24	87.43	87.43	91.10	91.10	25,358;	27,374;	+469.0;	67.24;
At3g52090___KOG4392	116	1	116	+	SA_24022	117	1	116	1	219.0	87.07	100.00	100.00	99.15	99.15	1,116;	1,116;	+219.0;	87.07;
At5g15750___KOG4655	194	15	193	+	SA_18430	183	15	181	1	269.0	72.63	92.27	92.27	91.26	91.26	15,193;	15,181;	+269.0;	72.63;
