'contig-550123'	[1, 991]	'contig-550123'	[1, 991]	1875.0	100.0	1,991;	1,991;	['+1875.0']	['100.00']
'contig-4806892'	[1, 475]	'contig-4806892'	[1, 475]	942.0	100.0	1,475;	1,475;	['+942.0']	['100.00']
'contig-841945'	[1, 119]	'contig-841945'	[1, 119]	236.0	100.0	1,119;	1,119;	['+236.0']	['100.00']
'contig-5703828'	[1, 252]	'contig-5703828'	[1, 252]	500.0	100.0	1,252;	1,252;	['+500.0']	['100.00']
'contig-3483603'	[1, 497]	'contig-3483603'	[1, 497]	890.0	100.0	1,497;	1,497;	['+890.0']	['100.00']
'contig-4478059'	[1, 230]	'contig-4478059'	[1, 230]	456.0	100.0	1,230;	1,230;	['+456.0']	['100.00']
'contig-4571454'	[1, 268]	'contig-4571454'	[1, 268]	531.0	100.0	1,268;	1,268;	['+531.0']	['100.00']
'contig-2400743'	[1, 99]	'contig-2400743'	[1, 99]	196.0	100.0	1,99;	1,99;	['+196.0']	['100.00']
'contig-6067314'	[1, 143]	'contig-6067314'	[1, 143]	283.0	100.0	1,143;	1,143;	['+283.0']	['100.00']
'contig-841942'	[1, 2213]	'contig-841942'	[1, 2213]	4025.0	366.2	1,1621;1688,2213;1059,1562;1235,1562;	1,1621;1688,2213;1235,1745;1059,1381;	['+2809.0', '+835.0', '+230.0', '+151.0']	['100.00', '100.00', '83.37', '82.83']
'contig-5624213'	[1, 95]	'contig-5624213'	[1, 95]	188.0	100.0	1,95;	1,95;	['+188.0']	['100.00']
'contig-1147878'	[1, 131]	'contig-1147878'	[1, 131]	260.0	100.0	1,131;	1,131;	['+260.0']	['100.00']
'contig-1636626'	[1, 331]	'contig-1636626'	[1, 331]	656.0	100.0	1,331;	1,331;	['+656.0']	['100.00']
'contig-4868260'	[1, 704]	'contig-4868260'	[1, 704]	1312.0	100.0	1,704;	1,704;	['+1312.0']	['100.00']
'contig-3483604'	[1, 230]	'contig-3483604'	[1, 230]	402.0	100.0	1,230;	1,230;	['+402.0']	['100.00']
'contig-3791592'	[1, 350]	'contig-3791592'	[1, 350]	694.0	100.0	1,350;	1,350;	['+694.0']	['100.00']
'contig-320674'	[1, 819]	'contig-320674'	[1, 819]	1487.0	100.0	1,819;	1,819;	['+1487.0']	['100.00']
'contig-4889730'	[1, 268]	'contig-4889730'	[1, 268]	531.0	100.0	1,268;	1,268;	['+531.0']	['100.00']
'contig-7150'	[1, 226]	'contig-7150'	[1, 226]	448.0	100.0	1,226;	1,226;	['+448.0']	['100.00']
'contig-3754381'	[1, 581]	'contig-3754381'	[1, 581]	1152.0	100.0	1,581;	1,581;	['+1152.0']	['100.00']
'contig-1147879'	[1, 276]	'contig-1147879'	[1, 276]	458.0	100.0	1,276;	1,276;	['+458.0']	['100.00']
'contig-4868261'	[1, 289]	'contig-4868261'	[1, 289]	573.0	100.0	1,289;	1,289;	['+573.0']	['100.00']
'contig-3483605'	[22, 310]	'contig-3483605'	[22, 310]	573.0	100.0	22,310;	22,310;	['+573.0']	['100.00']
'contig-2774990'	[1, 384]	'contig-2774990'	[1, 384]	702.0	100.0	1,384;	1,384;	['+702.0']	['100.00']
'contig-4753016'	[1, 534]	'contig-4753016'	[1, 534]	963.0	100.0	1,534;	1,534;	['+963.0']	['100.00']
'contig-2941770'	[1, 284]	'contig-2941770'	[1, 284]	563.0	100.0	1,284;	1,284;	['+563.0']	['100.00']
'contig-2400745'	[1, 693]	'contig-2400745'	[1, 693]	1374.0	100.0	1,693;	1,693;	['+1374.0']	['100.00']
'contig-3544752'	[1, 327]	'contig-3544752'	[1, 327]	607.0	100.0	1,327;	1,327;	['+607.0']	['100.00']
'contig-1175606'	[1, 186]	'contig-1175606'	[1, 186]	369.0	100.0	1,186;	1,186;	['+369.0']	['100.00']
'contig-320675'	[1, 615]	'contig-320675'	[1, 615]	876.0	300.0	1,348;520,615;444,498;	1,348;520,615;444,498;	['+577.0', '+190.0', '+109.0']	['100.00', '100.00', '100.00']
'contig-3541810'	[1, 450]	'contig-3541810'	[1, 450]	850.0	100.0	1,450;	1,450;	['+850.0']	['100.00']
'contig-1418781'	[1, 344]	'contig-1418781'	[1, 344]	682.0	100.0	1,344;	1,344;	['+682.0']	['100.00']
'contig-2140249'	[1, 470]	'contig-2140249'	[1, 470]	823.0	200.0	1,340;396,470;	1,340;396,470;	['+674.0', '+149.0']	['100.00', '100.00']
'contig-2941771'	[1, 1222]	'contig-2941771'	[1, 1222]	2321.0	100.0	1,1222;	1,1222;	['+2321.0']	['100.00']
'contig-3544753'	[1, 117]	'contig-3544753'	[1, 117]	232.0	100.0	1,117;	1,117;	['+232.0']	['100.00']
'contig-5709731'	[1, 251]	'contig-5709731'	[1, 251]	498.0	100.0	1,251;	1,251;	['+498.0']	['100.00']
'contig-320676'	[1, 124]	'contig-320676'	[1, 124]	246.0	100.0	1,124;	1,124;	['+246.0']	['100.00']
'contig-5100649'	[1, 859]	'contig-5100649'	[1, 859]	2885.0	601.14	1,859;188,839;5,656;724,859;1,136;553,859;11,315;	1,859;5,656;188,839;1,136;724,859;11,315;553,859;	['+1703.0', '+317.0', '+317.0', '+143.0', '+143.0', '+131.0', '+131.0']	['100.00', '81.53', '81.53', '88.24', '88.24', '80.83', '80.77']
'contig-3775968'	[1, 331]	'contig-3775968'	[1, 331]	656.0	100.0	1,331;	1,331;	['+656.0']	['100.00']
'contig-841941'	[1, 133]	'contig-841941'	[1, 133]	264.0	100.0	1,133;	1,133;	['+264.0']	['100.00']
'contig-3754383'	[1, 187]	'contig-3754383'	[1, 187]	329.0	100.0	1,187;	1,187;	['+329.0']	['100.00']
'contig-5703824'	[1, 106]	'contig-5703824'	[1, 106]	210.0	100.0	1,106;	1,106;	['+210.0']	['100.00']
'contig-5624216'	[1, 99]	'contig-5624216'	[1, 99]	196.0	100.0	1,99;	1,99;	['+196.0']	['100.00']
'contig-1147877'	[11, 319]	'contig-1147877'	[11, 319]	489.0	200.0	164,319;11,101;	164,319;11,101;	['+309.0', '+180.0']	['100.00', '100.00']
'contig-1636625'	[1, 132]	'contig-1636625'	[1, 132]	262.0	100.0	1,132;	1,132;	['+262.0']	['100.00']
'contig-2140248'	[1, 407]	'contig-2140248'	[1, 407]	807.0	100.0	1,407;	1,407;	['+807.0']	['100.00']
'contig-5347702'	[1, 117]	'contig-5347702'	[1, 117]	232.0	100.0	1,117;	1,117;	['+232.0']	['100.00']
'contig-2941772'	[1, 508]	'contig-2941772'	[1, 508]	953.0	100.0	1,508;	1,508;	['+953.0']	['100.00']
'contig-683509'	[1, 205]	'contig-683509'	[1, 205]	341.0	100.0	1,205;	1,205;	['+341.0']	['100.00']
'contig-3791591'	[1, 349]	'contig-3791591'	[1, 349]	656.0	200.0	72,349;1,53;	72,349;1,53;	['+551.0', '+105.0']	['100.00', '100.00']
'contig-2400747'	[1, 633]	'contig-2400747'	[1, 633]	1647.0	275.91999999999996	1,633;185,375;166,356;	1,633;166,356;185,375;	['+1255.0', '+196.0', '+196.0']	['100.00', '87.96', '87.96']
'contig-3544754'	[1, 416]	'contig-3544754'	[1, 416]	825.0	100.0	1,416;	1,416;	['+825.0']	['100.00']
'contig-1175608'	[1, 570]	'contig-1175608'	[1, 570]	1007.8	200.0	100,570;1,37;	100,570;1,37;	['+934.0', '+73.8']	['100.00', '100.00']
