75.51	96.08	96.08	94.23	94.23
90.70	97.73	97.73	82.69	82.69
64.71	100.00	100.00	98.08	98.08
78.43	100.00	100.00	98.08	98.08
74.51	100.00	100.00	98.08	98.08
66.67	100.00	100.00	98.08	98.08
81.69	55.47	55.47	93.42	93.42
91.55	55.47	55.47	93.42	93.42
77.46	55.47	55.47	93.42	93.42
83.10	55.47	55.47	93.42	93.42
80.28	55.47	55.47	93.42	93.42
78.87	55.47	55.47	93.42	93.42
34.44	97.66	97.66	98.93	98.93
66.40	100.00	100.00	99.92	99.92
31.33	98.20	98.20	99.84	99.84
36.63	98.70	98.70	98.68	98.68
34.64	99.35	99.35	99.10	99.10
31.38	99.92	99.92	99.26	99.26
47.48	94.84	89.85	83.74	94.39
47.98	95.89	95.89	57.33	57.33
43.22	99.72	99.72	88.18	88.18
47.52	92.90	90.59	83.35	95.58
46.40	94.89	90.57	83.23	93.74
46.43	95.32	90.92	83.61	94.38
45.42	86.43	86.43	31.57	31.57
68.51	88.83	88.83	36.96	36.96
44.57	78.78	78.78	29.63	29.63
45.54	84.18	84.18	33.84	33.84
37.31	89.78	89.78	34.38	34.38
35.52	76.05	76.05	28.88	28.88
49.09	75.69	75.69	77.28	77.28
88.62	100.00	100.00	99.80	99.80
44.16	91.60	91.60	95.13	95.13
48.97	74.00	74.00	78.70	78.70
41.98	92.19	92.19	94.93	94.93
45.10	69.13	69.13	71.81	71.81
41.31	97.74	97.74	75.32	75.32
81.04	99.44	99.44	76.72	76.72
35.62	74.44	100.00	58.73	100.00
34.40	98.87	100.00	75.75	100.00
45.17	74.32	74.32	58.41	58.41
46.36	72.74	72.74	58.51	58.51
59.46	100.00	100.00	99.46	99.46
88.65	100.00	100.00	99.46	99.46
53.51	100.00	100.00	99.46	99.46
63.24	100.00	100.00	99.46	99.46
47.46	94.62	94.62	95.16	95.16
38.38	96.86	96.86	94.09	94.09
67.19	99.48	99.48	98.97	98.97
94.30	100.00	100.00	99.48	99.48
61.26	98.96	98.96	98.45	98.45
59.49	98.48	98.48	98.45	98.45
66.15	100.00	100.00	98.97	98.97
63.16	97.37	97.37	97.94	97.94
47.93	86.67	86.67	82.84	82.84
87.26	98.74	98.74	77.34	77.34
47.34	80.48	80.48	82.35	82.35
43.82	98.34	98.34	87.19	87.19
74.38	100.00	100.00	98.53	98.53
69.42	100.00	100.00	98.52	98.52
60.10	90.41	90.41	98.51	98.51
80.77	92.04	92.04	26.88	26.88
63.08	92.79	92.79	96.52	96.52
49.47	96.91	96.91	93.53	93.53
63.25	78.67	78.67	81.59	81.59
48.96	89.52	89.52	93.03	93.03
73.04	96.63	96.63	97.61	97.61
91.83	100.00	100.00	99.52	99.52
69.42	97.56	97.56	97.61	97.61
71.43	96.15	96.15	97.60	97.60
71.64	96.02	96.02	96.63	96.63
67.61	81.86	81.86	83.25	83.25
70.24	96.34	96.34	95.20	95.20
80.19	95.13	95.13	96.25	96.25
68.04	98.79	98.79	98.35	98.35
72.10	94.50	94.50	92.94	92.94
63.79	95.63	95.63	95.35	95.35
62.71	95.45	95.45	96.25	96.25
65.50	86.88	86.88	88.07	88.07
82.20	98.95	98.95	96.91	96.91
67.85	89.80	89.80	86.75	86.75
67.92	85.86	85.86	85.71	85.71
61.16	92.43	92.43	89.84	89.84
64.60	90.52	90.52	87.63	87.63
37.11	93.28	93.28	92.82	92.82
76.31	99.16	99.16	98.82	98.82
40.05	95.62	95.62	92.59	92.59
39.76	99.14	99.14	99.06	99.06
39.79	88.58	88.58	72.47	72.47
34.91	93.65	93.65	87.01	87.01
38.52	89.22	89.22	85.57	85.57
65.38	90.26	90.26	95.30	95.30
31.15	84.38	84.38	79.80	79.80
40.50	80.31	80.31	84.51	84.51
42.94	55.67	55.67	52.68	52.68
35.13	97.81	97.81	88.26	88.26
45.16	82.03	82.03	72.73	72.73
81.96	88.73	88.73	84.44	84.44
39.83	91.10	91.10	95.78	95.78
52.89	96.05	96.05	94.94	94.94
47.35	96.48	96.48	73.84	73.84
41.22	87.85	87.85	83.50	83.50
67.56	82.72	82.72	82.12	82.12
85.40	100.00	100.00	99.64	99.64
49.51	74.37	74.37	75.18	75.18
59.63	96.75	96.75	97.08	97.08
55.37	90.26	90.26	88.32	88.32
53.23	97.32	97.32	95.62	95.62
50.49	91.96	91.96	87.18	87.18
90.91	99.14	99.14	98.72	98.72
39.73	88.70	88.70	95.73	95.73
52.76	83.26	83.26	85.04	85.04
52.15	92.48	92.48	87.61	87.61
48.02	93.49	93.49	85.90	85.90
66.49	66.67	66.67	54.02	54.02
82.29	98.91	98.91	77.30	77.30
49.79	82.04	82.04	62.07	62.07
67.80	77.95	77.95	58.91	58.91
58.22	78.31	78.31	45.13	45.13
54.27	81.53	81.53	64.94	64.94
62.55	99.59	99.59	99.58	99.58
96.20	100.00	100.00	99.58	99.58
59.01	89.52	89.52	92.86	92.86
69.33	98.76	98.76	98.32	98.32
66.80	97.57	97.57	99.16	99.16
66.22	85.38	85.38	91.60	91.60
44.21	94.53	94.53	92.20	92.20
87.44	100.00	100.00	97.07	97.07
32.64	95.54	95.54	92.20	92.20
46.52	93.03	93.03	90.73	90.73
41.36	98.45	98.45	92.20	92.20
38.74	96.46	96.46	92.20	92.20
45.16	91.06	91.06	96.43	96.43
84.75	100.00	100.00	99.55	99.55
40.54	84.88	84.88	98.21	98.21
50.00	87.97	87.97	96.43	96.43
37.66	99.11	99.11	97.77	97.77
41.63	91.70	91.70	96.43	96.43
51.03	94.63	94.63	72.83	72.83
92.27	94.76	94.76	68.30	68.30
44.62	95.59	95.59	73.58	73.58
54.12	94.63	94.63	72.83	72.83
57.45	92.16	92.16	70.94	70.94
51.05	92.20	92.20	71.32	71.32
63.25	99.57	99.57	99.15	99.15
93.19	100.00	100.00	99.58	99.58
56.36	100.00	100.00	99.15	99.15
66.24	99.57	99.57	99.15	99.15
60.33	98.78	98.78	97.46	97.46
59.84	97.60	97.60	96.19	96.19
56.91	100.00	100.00	99.60	99.60
87.40	100.00	100.00	99.60	99.60
43.90	100.00	100.00	99.60	99.60
61.79	100.00	100.00	99.60	99.60
56.85	97.95	97.95	96.76	96.76
52.67	95.63	95.63	96.36	96.36
63.06	88.76	88.76	87.60	87.60
93.40	84.80	84.80	84.80	84.80
58.55	92.09	92.09	91.20	91.20
66.25	98.76	98.76	92.40	92.40
55.10	94.59	94.59	97.60	97.60
58.90	92.91	92.91	92.40	92.40
53.60	98.42	98.42	99.60	99.60
91.16	100.00	100.00	99.60	99.60
45.49	93.46	93.46	97.20	97.20
62.92	94.12	94.12	95.60	95.60
52.08	94.47	94.47	96.00	96.00
50.21	82.99	82.99	94.00	94.00
39.42	77.61	77.61	84.36	84.36
85.22	93.50	93.50	94.65	94.65
32.05	98.31	98.31	91.36	91.36
45.24	79.55	79.55	85.60	85.60
41.07	85.50	85.50	89.71	89.71
39.64	83.46	83.46	86.42	86.42
46.61	99.48	99.48	37.76	37.76
74.46	94.45	94.45	37.88	37.88
48.63	99.48	99.48	37.80	37.80
49.64	98.66	98.66	37.64	37.64
48.48	98.33	98.33	37.60	37.60
51.56	93.11	93.11	35.48	35.48
38.89	88.10	100.00	36.33	100.00
55.50	94.81	100.00	95.04	100.00
37.53	90.26	90.26	77.26	77.26
39.48	88.78	88.78	77.78	77.78
37.58	94.72	100.00	83.51	100.00
33.26	86.21	86.21	89.29	89.29
42.43	89.55	89.55	92.88	92.88
78.51	99.83	99.83	99.83	99.83
42.24	93.43	93.43	91.86	91.86
45.28	95.40	95.40	88.64	88.64
39.65	97.44	97.44	96.44	96.44
39.78	98.02	98.02	97.54	97.54
44.72	93.91	93.91	84.72	84.72
57.67	95.24	95.24	86.32	86.32
39.36	87.65	87.65	98.05	98.05
42.06	93.18	100.00	85.61	100.00
31.12	98.31	100.00	97.86	100.00
37.11	93.54	100.00	98.64	100.00
50.86	71.82	71.82	71.84	71.84
82.25	97.43	97.43	79.30	79.30
53.02	90.93	90.93	74.95	74.95
51.83	90.98	90.98	78.38	78.38
55.52	83.37	83.37	70.60	70.60
55.46	77.88	77.88	71.43	71.43
52.12	77.83	77.83	87.91	87.91
88.83	100.00	100.00	98.35	98.35
50.58	80.37	80.37	90.11	90.11
58.13	78.05	78.05	86.81	86.81
50.34	73.87	73.87	80.77	80.77
56.62	63.85	63.85	74.73	74.73
37.53	99.38	99.38	97.71	97.71
43.95	96.31	96.31	95.19	95.19
37.86	86.64	86.64	97.71	97.71
43.49	80.44	80.44	90.16	90.16
45.15	77.03	77.03	86.04	86.04
43.29	66.39	66.39	86.27	86.27
46.58	98.01	100.00	98.07	90.47
62.27	100.00	100.00	99.71	99.71
43.78	99.57	99.57	99.14	99.14
48.86	98.42	98.42	98.29	98.29
47.27	98.15	98.15	98.00	98.00
46.47	97.47	97.47	97.22	97.22
66.34	94.42	94.42	95.29	95.29
92.22	100.00	100.00	99.76	99.76
60.95	94.72	94.72	94.12	94.12
59.87	90.72	90.72	72.71	72.71
48.40	91.63	91.63	92.94	92.94
36.13	94.01	94.01	92.24	92.24
54.70	99.17	99.17	99.16	99.16
81.08	98.10	98.10	97.48	97.48
51.94	97.25	97.25	95.80	95.80
59.70	96.70	96.70	97.06	97.06
34.34	86.25	100.00	89.29	100.00
54.98	78.06	78.06	82.77	82.77
55.60	88.49	88.49	86.74	86.74
55.91	99.56	100.00	98.67	100.00
52.31	86.90	86.90	63.49	63.49
60.75	92.60	92.60	94.48	94.48
47.67	99.50	99.50	87.40	87.40
46.98	89.20	89.20	85.75	85.75
61.54	99.06	99.06	99.39	99.39
83.79	100.00	100.00	99.69	99.69
55.62	98.46	98.46	99.39	99.39
45.64	100.00	100.00	98.77	100.00
41.23	100.00	100.00	98.77	100.00
45.06	97.49	97.49	98.16	98.16
48.98	99.59	99.59	76.19	76.19
77.76	99.79	99.79	76.98	76.98
48.54	92.91	92.91	74.29	74.29
48.72	98.25	98.25	74.92	74.92
49.58	96.41	96.41	74.13	74.13
51.67	72.95	72.95	51.90	51.90
44.42	99.01	99.01	97.71	97.71
73.74	99.25	99.25	99.81	99.81
40.19	95.87	95.87	97.71	97.71
45.09	99.21	99.21	97.71	97.71
26.67	93.24	93.24	90.86	90.86
37.50	29.22	29.22	27.81	27.81
37.86	93.89	93.89	98.87	98.87
73.18	99.44	99.44	99.10	99.10
32.90	94.49	94.49	98.87	98.87
43.37	95.76	95.76	99.66	99.66
42.11	98.13	98.13	98.65	98.65
41.87	91.98	91.98	99.10	99.10
51.47	100.00	93.92	99.92	95.15
82.92	100.00	100.00	99.92	99.92
47.05	99.51	92.90	99.51	93.49
56.05	100.00	100.00	99.92	99.92
46.04	99.42	99.42	99.18	99.18
41.58	99.50	99.50	99.26	99.26
42.09	93.84	93.84	14.24	14.24
71.43	95.10	95.10	15.44	15.44
40.13	90.29	90.29	14.77	14.77
41.87	92.60	92.60	14.81	14.81
41.02	85.00	85.00	14.87	14.87
35.95	77.69	91.44	14.27	84.74
30.77	96.67	96.67	98.17	98.17
68.89	99.77	99.77	99.54	99.54
25.52	94.99	94.99	95.64	95.64
35.58	96.22	96.22	94.95	94.95
29.45	96.36	96.36	96.10	96.10
31.36	98.26	98.26	97.02	97.02
38.31	97.20	97.20	98.04	98.04
78.45	99.84	99.84	99.35	99.35
34.53	99.50	99.50	99.02	99.02
39.48	99.83	99.83	99.51	99.51
33.33	100.00	100.00	99.67	99.67
31.21	100.00	100.00	99.84	99.84
69.82	97.94	97.94	92.03	92.03
88.89	100.00	100.00	99.76	99.76
67.98	94.78	94.78	92.03	92.03
73.04	93.86	93.86	92.03	92.03
70.87	97.19	97.19	92.25	92.25
64.30	96.20	96.20	92.25	92.25
69.52	99.50	99.50	96.23	96.23
80.10	96.08	96.08	94.88	94.88
78.78	95.28	77.69	90.30	100.00
68.59	96.84	96.84	96.23	96.23
64.14	96.95	96.95	92.18	92.18
59.25	93.48	93.48	89.37	89.37
72.43	94.10	94.10	41.68	41.68
92.92	99.30	99.30	44.86	44.86
70.85	93.65	93.65	41.78	41.78
75.64	91.12	91.12	41.78	41.78
72.35	93.32	93.32	42.96	42.96
66.84	88.57	88.57	41.36	41.36
64.53	73.96	73.96	62.52	62.52
74.06	86.78	86.78	65.38	65.38
63.58	70.76	70.76	58.15	58.15
64.46	79.78	79.78	61.01	61.01
58.90	82.15	82.15	63.36	63.36
55.91	63.90	63.90	58.15	58.15
59.53	74.35	74.35	84.52	84.52
84.88	92.42	92.42	52.93	52.93
54.82	75.58	75.58	69.80	69.80
61.48	70.20	70.20	85.12	85.12
63.72	82.00	82.00	88.10	88.10
66.04	77.66	77.66	83.73	83.73
46.94	65.99	65.99	36.61	36.61
73.35	80.55	80.55	41.37	41.37
34.51	71.08	71.08	38.99	38.99
50.13	80.24	80.24	36.80	36.80
45.76	78.79	78.79	36.61	36.61
40.73	86.35	86.35	44.80	44.80
39.56	86.79	86.79	42.06	42.06
70.86	91.37	91.37	47.55	47.55
32.61	78.08	78.08	41.98	41.98
40.87	89.21	89.21	42.15	42.15
39.62	94.62	94.62	45.27	45.27
37.29	95.96	95.96	45.44	45.44
64.66	98.15	98.15	99.25	99.25
91.23	100.00	100.00	99.81	99.81
65.23	97.79	97.79	99.25	99.25
69.62	97.97	97.97	98.70	98.70
63.30	97.80	97.80	98.88	98.88
56.88	95.37	95.37	98.51	98.51
65.78	98.50	98.50	98.88	98.88
91.57	99.44	99.44	99.81	99.81
60.04	96.67	96.67	97.57	97.57
66.99	95.73	95.73	96.64	96.64
62.55	98.29	98.29	96.82	96.82
58.60	99.24	99.24	98.50	98.50
62.71	98.50	98.50	98.32	98.32
89.91	100.00	100.00	99.81	99.81
59.85	99.07	99.07	99.44	99.44
63.45	98.49	98.49	98.32	98.32
60.23	98.88	98.88	99.07	99.07
54.31	99.63	99.63	99.81	99.81
65.01	95.81	95.81	85.64	85.64
92.55	96.41	96.41	95.21	95.21
61.02	98.13	98.13	93.97	93.97
67.80	96.69	96.69	93.62	93.62
63.71	94.09	94.09	93.09	93.09
58.06	98.55	98.55	96.63	96.63
46.01	98.09	98.09	98.35	98.35
82.63	99.24	99.24	96.15	96.15
44.05	99.15	99.15	99.82	99.82
50.48	94.53	94.53	95.23	95.23
44.53	94.51	94.51	94.50	94.50
44.53	94.37	94.37	94.68	94.68
64.81	99.77	99.77	81.63	81.63
90.13	100.00	100.00	99.81	99.81
62.96	97.92	97.92	98.30	98.30
70.75	97.76	97.76	99.05	99.05
67.69	98.48	98.48	98.48	98.48
64.09	98.10	98.10	97.92	97.92
61.02	95.96	95.96	94.43	94.43
89.75	100.00	100.00	99.82	99.82
53.92	97.19	90.66	94.61	100.00
60.41	99.45	99.45	96.05	96.05
57.20	99.43	99.43	94.79	94.79
56.72	100.00	100.00	95.15	95.15
42.61	67.54	67.54	61.74	61.74
55.97	91.70	91.70	99.78	99.78
44.69	68.08	68.08	58.04	58.04
50.64	87.19	96.06	99.13	82.46
41.20	64.66	64.66	53.91	53.91
40.24	80.74	98.85	89.78	80.87
53.44	87.90	87.90	26.15	26.15
79.87	100.00	100.00	27.10	27.10
48.49	89.25	89.25	25.89	25.89
59.15	92.45	92.45	26.49	26.49
50.16	99.36	99.36	26.75	26.75
51.76	96.31	96.31	26.49	26.49
35.17	83.29	83.29	85.68	85.68
50.56	80.00	100.00	77.49	100.00
37.32	89.17	89.17	85.42	85.42
39.65	88.06	88.06	86.45	86.45
31.86	93.52	93.52	84.40	84.40
29.33	92.82	92.82	83.38	83.38
80.07	97.44	97.44	98.05	98.05
93.61	100.00	100.00	99.68	99.68
79.14	94.97	94.97	98.37	98.37
80.40	97.41	97.41	98.05	98.05
75.83	97.73	97.73	98.37	98.37
76.67	79.58	79.58	95.54	95.54
79.61	98.70	98.70	55.17	55.17
89.18	100.00	100.00	55.35	55.35
76.24	90.99	90.99	54.99	54.99
82.30	99.02	99.02	55.35	55.35
60.42	94.83	94.83	52.45	52.45
62.14	100.00	100.00	55.35	55.35
67.22	99.34	99.34	99.34	99.34
95.05	100.00	100.00	99.67	99.67
55.48	78.27	78.27	98.68	98.68
70.63	99.02	99.02	99.67	99.67
67.43	99.67	99.67	99.67	99.67
63.41	92.28	92.28	94.08	94.08
54.97	76.73	97.49	92.06	83.84
78.01	85.37	85.37	93.45	93.45
43.88	80.42	80.42	91.27	91.27
52.78	80.76	99.50	93.06	85.71
49.91	83.09	96.18	91.27	82.17
38.43	84.02	84.02	92.06	92.06
67.62	100.00	100.00	99.51	99.51
59.22	97.81	97.81	84.04	84.04
65.55	99.04	99.04	99.03	99.03
51.78	96.52	96.52	93.78	93.78
65.38	100.00	100.00	99.52	99.52
60.48	100.00	100.00	99.52	99.52
77.25	90.76	90.76	91.26	91.26
91.76	100.00	100.00	93.99	93.99
75.44	87.24	87.24	93.44	93.44
73.49	93.26	93.26	90.71	90.71
73.26	98.85	98.85	93.99	93.99
73.68	98.28	98.28	93.44	93.44
76.82	100.00	100.00	99.34	99.34
92.72	100.00	100.00	99.34	99.34
69.54	100.00	100.00	99.34	99.34
76.82	100.00	100.00	99.34	99.34
76.16	100.00	100.00	99.34	99.34
72.67	99.34	99.34	98.68	98.68
65.93	98.91	98.91	2.00	2.00
93.48	100.00	100.00	98.92	98.92
73.63	100.00	100.00	2.00	2.00
71.59	95.65	95.65	94.62	94.62
60.00	47.87	47.87	0.95	0.95
68.48	100.00	100.00	2.02	2.02
83.57	92.72	92.72	92.05	92.05
92.81	92.67	92.67	92.05	92.05
80.29	89.47	89.47	90.73	90.73
85.71	92.72	92.72	92.05	92.05
81.45	89.21	89.21	82.12	82.12
78.15	86.86	86.86	78.81	78.81
48.68	92.96	92.96	94.87	94.87
78.35	100.00	100.00	99.49	99.49
48.94	94.47	94.47	94.36	94.36
48.73	98.50	98.50	98.97	98.97
59.03	65.90	65.90	73.85	73.85
56.33	73.02	73.02	80.51	80.51
77.85	98.68	98.68	97.39	97.39
88.00	100.00	100.00	98.04	98.04
73.83	77.60	77.60	97.39	97.39
79.19	98.03	98.03	97.39	97.39
71.52	100.00	100.00	98.69	98.69
65.10	86.63	86.63	97.39	97.39
56.98	98.34	98.34	98.88	98.88
77.17	99.46	99.46	98.88	98.88
36.67	66.67	66.67	63.48	63.48
58.79	98.91	98.91	98.88	98.88
51.15	97.18	97.18	97.19	97.19
46.15	89.89	89.89	91.57	91.57
57.52	96.23	96.23	95.27	95.27
72.50	100.00	100.00	99.25	99.25
52.56	93.37	93.37	96.62	96.62
55.70	99.37	99.37	97.97	97.97
51.66	96.18	96.18	92.48	92.48
50.32	98.73	98.73	96.62	96.62
51.10	97.41	97.41	90.18	90.18
70.10	99.92	99.92	99.83	99.83
50.99	89.75	89.75	89.75	89.75
51.82	84.23	84.23	92.21	92.21
49.17	98.50	98.50	91.11	91.11
49.36	98.51	98.51	91.45	91.45
61.59	97.39	97.39	98.04	98.04
84.21	100.00	100.00	99.35	99.35
57.24	83.89	83.89	96.73	96.73
56.58	98.05	98.05	71.90	71.90
52.00	96.75	96.75	70.00	70.00
56.95	98.05	98.05	70.95	70.95
48.23	95.20	95.20	93.25	93.25
86.05	100.00	100.00	99.61	99.61
48.11	95.04	95.04	93.74	93.74
48.95	95.45	95.45	93.84	93.84
50.41	95.64	95.64	92.95	92.95
47.98	95.86	95.86	93.05	93.05
57.63	76.89	76.89	84.44	84.44
85.02	100.00	100.00	99.78	99.78
49.29	85.28	85.28	93.33	93.33
58.12	86.73	86.73	87.56	87.56
62.78	89.29	89.29	87.11	87.11
65.33	90.85	90.85	87.56	87.56
48.71	86.75	86.75	48.96	48.96
86.84	92.30	92.30	90.68	90.68
46.99	95.04	95.04	49.04	49.04
56.98	91.93	91.93	49.76	49.76
51.32	91.64	91.64	48.40	48.40
52.11	94.11	94.11	48.88	48.88
73.03	95.37	95.37	97.63	97.63
90.97	100.00	100.00	99.78	99.78
66.00	96.38	96.38	97.42	97.42
73.89	95.55	95.55	97.20	97.20
71.75	99.10	99.10	95.91	95.91
69.62	85.01	85.01	96.99	96.99
59.09	97.33	97.33	64.50	64.50
86.26	97.26	97.26	64.50	64.50
55.75	97.84	97.84	64.70	64.70
61.23	97.33	97.33	64.50	64.50
52.24	98.68	98.68	65.10	65.10
33.37	96.63	96.63	64.23	64.23
64.28	100.00	100.00	98.46	98.46
92.04	98.48	98.48	99.76	99.76
64.29	100.00	100.00	99.88	99.88
63.84	100.00	100.00	98.46	98.46
64.42	100.00	100.00	96.33	96.33
62.72	100.00	100.00	99.88	99.88
50.40	92.33	92.33	69.49	69.49
76.71	97.09	97.09	73.24	73.24
50.48	82.52	82.52	58.39	58.39
56.22	80.09	80.09	58.39	58.39
57.16	77.59	77.59	51.68	51.68
52.97	77.07	77.07	51.36	51.36
46.32	99.73	99.73	29.81	29.81
74.25	100.00	100.00	29.89	29.89
42.24	99.74	99.74	29.81	29.81
46.78	99.73	99.73	29.81	29.81
48.79	99.69	99.69	26.67	26.67
43.64	99.61	99.61	29.77	29.77
52.09	98.47	98.47	90.09	90.09
76.64	100.00	100.00	99.32	99.32
42.65	98.45	98.45	89.99	89.99
55.17	98.51	98.51	89.21	89.21
44.99	98.57	98.57	88.92	88.92
27.45	99.22	99.22	89.21	89.21
25.95	96.33	96.33	87.77	87.77
80.72	96.29	96.29	95.43	95.43
28.20	75.73	75.73	43.02	43.02
23.10	97.91	97.91	86.11	86.11
46.75	97.23	97.23	89.78	89.78
51.49	97.21	97.21	89.38	89.38
66.71	95.23	74.51	90.08	100.00
85.08	98.90	98.90	97.05	97.05
63.03	93.75	93.75	88.20	88.20
62.35	90.25	90.25	86.60	86.60
63.88	91.53	91.53	89.28	89.28
63.24	92.62	92.62	90.62	90.62
38.58	93.05	93.05	85.33	85.33
62.42	95.29	95.29	87.47	87.47
33.98	88.72	88.72	81.33	81.33
51.54	59.10	59.10	60.53	60.53
42.13	72.11	72.11	57.60	57.60
30.30	98.73	98.73	83.47	83.47
50.19	81.79	81.79	27.36	27.36
83.09	98.93	98.93	99.28	99.28
49.80	83.83	83.83	27.25	27.25
47.27	92.39	92.39	27.36	27.36
48.03	75.42	75.42	82.08	82.08
39.42	75.64	75.64	81.42	81.42
41.79	93.52	100.00	57.02	88.00
85.92	63.39	63.39	16.03	16.03
38.89	99.07	100.00	57.02	92.31
41.76	93.52	100.00	57.02	60.31
38.39	98.21	100.00	57.54	92.99
46.86	100.00	100.00	57.02	64.00
50.97	85.50	85.50	58.75	58.75
62.96	86.31	86.31	59.64	59.64
47.82	85.50	85.50	58.24	58.24
51.66	88.80	88.80	57.47	57.47
45.91	85.69	85.69	60.03	60.03
47.50	85.28	85.28	60.03	60.03
52.38	81.41	75.07	77.02	79.28
75.44	77.10	77.10	54.49	54.49
48.97	86.50	74.42	79.79	80.80
51.89	84.99	80.78	79.79	82.67
47.90	89.60	89.60	78.18	78.18
46.49	83.15	83.15	78.18	78.18
49.12	95.23	95.23	95.92	95.92
79.05	95.83	95.83	59.73	59.73
49.09	93.10	93.10	93.79	93.79
52.83	92.82	92.82	93.40	93.40
46.29	100.00	100.00	87.38	87.38
51.12	95.25	95.25	93.01	93.01
41.80	95.70	100.00	37.35	100.00
76.25	97.04	97.04	39.19	39.19
45.54	95.97	100.00	36.96	100.00
45.12	94.70	100.00	37.35	100.00
42.48	94.65	94.65	38.93	38.93
39.74	88.62	100.00	37.35	100.00
34.74	91.95	91.95	94.36	94.36
58.99	88.50	88.50	94.36	94.36
36.82	92.81	92.81	92.65	92.65
37.76	86.11	86.11	88.03	88.03
27.17	56.33	56.33	21.10	21.10
26.26	64.85	64.85	78.80	78.80
22.87	81.98	81.98	67.35	67.35
79.01	99.38	99.38	99.59	99.59
23.89	94.79	94.79	82.34	82.34
24.01	83.30	83.30	78.23	78.23
23.92	90.97	90.97	84.19	84.19
52.80	100.00	100.00	99.66	99.66
84.86	80.58	80.58	87.76	87.76
54.67	99.65	99.65	99.32	99.32
50.47	100.00	100.00	90.07	90.07
54.39	99.82	99.82	98.97	98.97
47.46	100.00	100.00	99.66	99.66
39.90	89.86	89.86	82.33	82.33
77.76	100.00	100.00	88.85	88.85
33.67	99.10	99.10	93.17	93.17
43.80	95.63	95.63	93.17	93.17
33.79	96.34	96.34	94.58	94.58
36.33	98.86	98.86	88.13	88.13
42.57	81.12	81.12	37.34	37.34
68.99	86.19	86.19	39.63	39.63
38.65	91.25	91.25	36.68	36.68
45.47	82.17	82.17	36.56	36.56
41.03	86.41	86.41	37.40	37.40
40.15	82.03	82.03	37.16	37.16
50.32	89.52	89.52	74.16	74.16
73.45	97.13	97.13	80.86	80.86
42.77	92.86	92.86	72.73	72.73
56.29	91.91	91.91	74.40	74.40
49.51	91.34	91.34	72.97	72.97
47.51	98.37	98.37	71.29	71.29
49.86	66.97	66.97	66.17	66.17
79.78	86.79	86.79	84.84	84.84
47.62	57.03	57.03	64.33	64.33
44.29	77.03	77.03	88.35	88.35
47.64	67.14	67.14	67.84	67.84
33.87	83.47	83.47	71.90	71.90
40.31	98.59	98.59	99.78	99.78
77.03	100.00	100.00	99.78	99.78
35.57	95.36	95.36	99.78	99.78
40.72	99.06	99.06	99.78	99.78
32.97	98.85	98.85	99.55	99.55
38.35	94.48	70.78	95.51	85.18
58.43	95.12	95.12	98.60	98.60
81.02	100.00	100.00	99.77	99.77
56.74	90.21	90.21	98.60	98.60
57.02	90.62	90.62	94.40	94.40
58.04	92.20	92.20	93.84	93.84
59.65	90.54	90.54	94.96	94.96
50.26	98.71	98.71	63.59	63.59
80.30	98.77	98.77	62.93	62.93
46.37	94.15	94.15	62.44	62.44
51.81	98.71	98.71	63.59	63.59
40.05	96.58	96.58	64.09	64.09
37.56	93.71	93.71	62.11	62.11
76.69	92.03	92.03	97.48	97.48
88.97	99.31	99.31	99.32	99.32
73.54	92.33	92.33	94.28	94.28
76.48	99.77	99.77	99.77	99.77
64.06	99.08	99.08	98.40	98.40
67.87	94.51	94.51	95.42	95.42
74.68	93.82	93.82	41.74	41.74
93.58	98.04	98.04	44.60	44.60
75.63	94.93	94.93	43.83	43.83
83.20	91.15	91.15	41.96	41.96
76.23	99.49	99.49	42.40	42.40
76.03	84.81	84.81	39.65	39.65
80.05	98.75	98.75	94.29	94.29
96.30	100.00	100.00	96.19	96.19
78.35	93.03	93.03	92.38	92.38
81.68	96.55	96.55	97.04	97.04
80.15	97.52	97.52	93.57	93.57
74.55	95.80	95.80	92.62	92.62
79.86	96.30	96.30	97.66	97.66
96.24	100.00	100.00	99.77	99.77
77.00	94.94	94.94	96.72	96.72
81.19	97.00	97.00	98.36	98.36
74.29	95.89	95.89	97.89	97.89
69.77	94.22	94.22	96.02	96.02
56.08	60.19	60.19	51.91	51.91
85.06	90.91	100.00	65.01	78.54
56.47	60.50	100.00	57.42	62.66
57.85	61.87	100.00	59.40	67.22
56.05	66.71	100.00	60.52	69.31
48.19	80.86	100.00	65.37	81.19
44.66	95.93	95.93	93.56	93.56
78.98	99.73	99.73	99.87	99.87
41.23	90.05	90.05	94.63	94.63
51.20	88.92	88.92	75.70	75.70
44.92	90.53	90.53	94.09	94.09
46.17	87.73	87.73	87.92	87.92
31.99	82.65	82.65	85.62	85.62
60.39	98.71	100.00	97.77	100.00
33.21	83.65	83.65	85.03	85.03
32.91	84.57	100.00	92.01	100.00
31.65	85.57	100.00	92.65	100.00
32.03	96.32	100.00	92.36	100.00
37.41	94.98	94.98	65.62	65.62
75.25	98.98	98.98	65.85	65.85
41.81	93.27	93.27	66.52	66.52
34.98	86.71	100.00	61.38	100.00
33.22	93.71	93.71	96.72	96.72
30.53	93.15	93.15	93.11	93.11
61.65	70.05	70.05	71.27	71.27
86.00	80.00	80.00	81.30	81.30
54.07	88.82	88.82	83.20	83.20
57.37	85.60	85.60	83.47	83.47
54.37	98.39	98.39	81.84	81.84
49.83	97.67	97.67	79.40	79.40
56.03	95.47	95.47	96.57	96.57
78.97	97.91	97.91	97.98	97.98
57.08	94.15	94.15	93.75	93.75
58.52	96.43	96.43	96.57	96.57
50.58	81.61	81.61	86.46	86.46
49.07	78.74	78.74	84.65	84.65
52.34	90.81	90.81	87.37	87.37
83.83	99.73	99.73	99.46	99.46
45.64	90.35	90.35	88.95	88.95
49.54	81.17	81.17	86.29	86.29
52.08	93.54	93.54	88.20	88.20
48.65	91.39	91.39	88.98	88.98
60.99	96.02	96.02	97.58	97.58
86.29	100.00	100.00	99.73	99.73
56.00	93.32	93.32	89.78	89.78
58.58	92.08	92.08	90.86	90.86
59.46	87.57	87.57	88.71	88.71
54.97	91.33	91.33	90.05	90.05
39.50	85.47	85.47	94.09	94.09
81.72	99.74	99.74	99.19	99.19
36.20	91.77	91.77	99.73	99.73
40.65	86.73	86.73	94.89	94.89
37.88	98.59	98.59	96.24	96.24
23.62	74.62	74.62	80.11	80.11
38.82	83.86	83.86	79.02	79.02
62.32	99.71	99.71	99.14	99.14
35.26	90.76	90.76	91.83	91.83
37.05	96.11	96.11	89.34	89.34
33.75	82.54	82.54	76.78	76.78
31.95	83.33	83.33	79.29	79.29
54.09	99.68	99.68	99.07	99.07
84.78	85.45	85.45	85.71	85.71
50.00	99.68	99.68	99.07	99.07
53.53	84.23	84.23	83.80	83.80
48.25	87.50	87.50	86.60	86.60
45.56	85.90	85.90	84.11	84.11
41.98	94.19	94.19	88.04	88.04
79.76	91.30	91.30	91.30	91.30
40.26	89.53	89.53	83.70	83.70
50.62	77.88	77.88	88.04	88.04
44.74	87.36	87.36	82.61	82.61
53.95	87.36	87.36	83.52	83.52
50.74	98.37	98.37	97.98	97.98
75.71	100.00	100.00	99.71	99.71
45.99	92.76	92.76	93.64	93.64
51.84	92.01	92.01	94.22	94.22
49.38	92.51	92.51	93.06	93.06
50.00	90.88	90.88	93.06	93.06
53.16	89.27	89.27	88.27	88.27
92.13	100.00	100.00	99.44	99.44
51.95	85.56	85.56	86.03	86.03
51.18	94.89	94.89	94.97	94.97
49.71	97.16	97.16	94.97	94.97
49.71	93.33	93.33	96.09	96.09
56.02	97.42	97.42	70.74	70.74
90.40	74.44	74.44	73.33	73.33
52.11	83.19	83.19	70.37	70.37
58.38	97.99	97.99	72.06	72.06
50.00	96.88	96.88	70.37	70.37
50.79	96.43	96.43	70.74	70.74
42.52	97.88	97.88	96.58	96.58
74.75	97.53	97.53	97.31	97.31
29.23	89.24	89.24	96.09	96.09
45.32	96.39	96.39	96.33	96.33
38.11	83.17	83.17	98.53	98.53
39.37	85.09	85.09	95.35	95.35
67.46	77.52	77.52	91.85	91.85
84.53	98.37	98.37	98.37	98.37
66.27	78.97	78.97	91.85	91.85
66.07	78.50	78.50	91.30	91.30
65.50	77.38	77.38	92.93	92.93
64.71	76.92	76.92	92.39	92.39
44.62	92.96	92.96	84.79	84.79
89.45	100.00	100.00	91.71	91.71
41.92	98.51	98.51	98.00	98.00
47.25	91.92	91.92	90.50	90.50
49.25	99.49	99.49	99.00	99.00
46.53	100.00	100.00	91.71	91.71
43.78	99.53	99.53	57.41	57.41
90.32	99.54	99.54	58.49	58.49
40.85	97.66	97.66	56.60	56.60
47.44	99.07	99.07	57.14	57.14
41.21	93.78	93.78	53.37	53.37
39.00	91.59	91.59	53.64	53.64
52.44	44.26	44.26	51.90	51.90
86.39	91.82	91.82	93.04	93.04
31.97	65.22	65.22	76.58	76.58
53.41	49.43	49.43	55.70	55.70
53.26	57.14	57.14	58.23	58.23
41.41	67.81	67.81	60.76	60.76
54.26	84.33	84.33	28.27	28.27
76.62	99.13	99.13	34.74	34.74
60.61	86.88	86.88	29.62	29.62
54.91	97.75	97.75	33.53	33.53
50.89	97.25	97.25	33.53	33.53
49.51	86.27	86.27	29.47	29.47
68.75	83.58	83.58	83.58	83.58
86.47	100.00	100.00	99.25	99.25
57.14	83.58	83.58	83.58	83.58
54.46	80.00	80.00	83.58	83.58
60.91	86.61	86.61	82.09	82.09
56.60	81.54	81.54	79.10	79.10
64.07	81.46	81.46	64.98	64.98
79.40	76.45	76.45	22.97	22.97
61.90	83.58	83.58	65.37	65.37
64.29	77.78	77.78	65.37	65.37
62.50	83.58	83.58	65.37	65.37
52.76	94.15	94.15	94.63	94.63
68.92	86.05	86.05	98.66	98.66
87.16	99.33	99.33	99.33	99.33
57.72	97.39	97.39	98.66	98.66
64.43	98.03	98.03	99.33	99.33
58.11	98.01	98.01	98.66	98.66
59.46	96.73	96.73	98.66	98.66
48.45	64.14	64.14	37.79	37.79
72.77	91.77	91.77	51.88	51.88
53.47	66.06	66.06	33.80	33.80
54.81	60.27	60.27	31.69	31.69
51.88	70.48	70.48	37.32	37.32
44.72	73.60	73.60	46.48	46.48
82.68	85.81	85.81	84.11	84.11
82.07	95.39	95.39	96.03	96.03
71.01	91.39	91.39	94.52	94.52
75.86	100.00	100.00	99.32	99.32
69.59	96.10	96.10	98.01	98.01
65.52	100.00	100.00	99.32	99.32
44.53	93.89	93.89	92.26	92.26
68.42	94.65	94.65	95.20	95.20
46.11	86.75	86.75	92.41	92.41
49.64	96.59	96.59	98.42	98.42
46.50	87.07	87.07	66.10	66.10
40.43	88.71	88.71	66.21	66.21
67.66	88.05	88.05	88.87	88.87
84.44	93.95	93.95	92.86	92.86
63.59	86.82	86.82	89.20	89.20
68.46	84.86	84.86	89.20	89.20
36.98	91.91	100.00	91.53	100.00
57.01	88.69	88.69	89.20	89.20
38.55	99.58	99.58	99.75	99.75
74.53	99.91	99.91	99.75	99.75
31.69	95.26	95.26	99.24	99.24
44.21	97.74	97.74	99.24	99.24
38.49	99.83	99.83	99.15	99.15
36.39	99.74	99.74	99.07	99.07
64.03	90.85	90.85	17.89	17.89
89.38	99.38	99.38	20.59	20.59
62.94	91.08	91.08	18.40	18.40
62.99	95.49	95.49	16.34	16.34
58.75	98.15	98.15	20.59	20.59
50.00	91.03	91.03	18.02	18.02
61.27	100.00	100.00	51.82	51.82
94.37	100.00	100.00	51.82	51.82
62.68	100.00	100.00	51.82	51.82
62.68	100.00	100.00	51.82	51.82
60.14	100.00	100.00	51.82	51.82
50.00	98.64	98.64	51.46	51.46
60.85	98.83	98.83	98.14	98.14
92.29	100.00	100.00	99.77	99.77
61.41	99.53	99.53	98.84	98.84
59.67	99.29	99.29	98.60	98.60
56.44	99.53	99.53	98.37	98.37
46.33	99.58	99.58	98.60	98.60
46.50	99.32	99.32	98.41	98.41
93.61	100.00	100.00	66.36	66.36
45.45	89.63	89.63	97.04	97.04
47.49	99.31	99.31	98.41	98.41
34.90	99.33	99.33	98.41	98.41
31.17	99.39	99.39	98.41	98.41
50.26	88.72	88.72	95.79	95.79
81.56	97.09	97.09	96.49	96.49
45.28	91.42	91.42	96.19	96.19
55.71	86.66	86.66	84.08	84.08
52.23	83.08	83.08	84.90	84.90
49.55	92.45	92.45	99.30	99.30
50.86	96.13	96.13	81.22	81.22
74.29	96.02	96.02	99.04	99.04
46.14	97.39	97.39	81.17	81.17
55.05	93.78	93.78	81.17	81.17
45.64	96.28	96.28	89.03	89.03
44.50	92.32	92.32	86.54	86.54
36.41	95.76	95.76	96.83	96.83
71.04	98.76	98.76	99.17	99.17
32.30	96.11	99.86	91.51	80.56
40.23	93.42	93.42	97.73	97.73
36.71	92.88	92.88	92.23	92.23
36.57	90.28	90.28	92.67	92.67
51.95	99.74	99.74	72.64	72.64
83.12	90.40	90.40	90.57	90.57
47.17	86.39	86.39	80.00	80.00
50.91	89.37	89.37	83.02	83.02
47.81	93.87	93.87	80.75	80.75
42.11	94.37	94.37	81.32	81.32
37.60	99.01	99.01	99.65	99.65
70.90	96.50	96.50	99.39	99.39
33.00	99.92	99.92	99.65	99.65
38.39	99.92	99.92	99.65	99.65
36.94	99.92	99.92	99.22	99.22
40.40	20.00	20.00	20.92	20.92
55.24	98.17	98.17	96.37	96.37
83.86	90.66	90.66	88.65	88.65
48.99	95.00	95.00	92.28	92.28
56.04	92.32	92.32	92.19	92.19
55.96	94.20	94.20	94.28	94.28
51.65	91.52	91.52	92.37	92.37
56.71	95.89	87.76	93.98	100.00
89.11	96.70	87.38	84.75	100.00
51.53	96.25	89.68	94.46	100.00
52.44	93.07	85.79	66.10	100.00
46.95	96.94	89.47	94.79	98.79
43.70	98.06	88.71	94.38	100.00
50.33	99.65	99.65	84.18	84.18
75.38	95.83	95.83	90.11	90.11
40.68	89.52	89.52	88.70	88.70
53.89	88.43	88.43	94.07	94.07
47.75	94.12	94.12	93.79	93.79
47.16	91.78	91.78	92.66	92.66
63.09	90.03	90.03	89.22	89.22
92.50	96.10	96.10	95.81	95.81
59.19	96.11	96.11	94.91	94.91
69.45	87.85	87.85	93.11	93.11
63.26	91.52	91.52	93.41	93.41
62.38	95.36	95.36	92.51	92.51
51.86	85.73	90.40	59.58	90.91
73.78	98.63	98.63	60.66	60.66
41.45	83.02	76.83	60.02	74.73
42.50	93.40	93.40	59.82	59.82
45.26	21.22	21.22	14.03	14.03
37.56	59.03	59.03	41.21	41.21
42.38	99.08	99.08	94.29	94.29
79.88	96.17	96.17	45.33	45.33
35.67	94.17	94.17	92.06	92.06
50.62	96.65	96.65	44.28	44.28
33.21	84.38	84.38	39.85	39.85
26.90	83.87	83.87	37.79	37.79
34.65	99.02	99.02	98.37	98.37
75.69	100.00	100.00	99.84	99.84
33.81	97.12	97.12	99.02	99.02
34.31	95.91	95.91	95.92	95.92
35.95	81.37	81.37	82.71	82.71
32.54	88.82	88.82	95.76	95.76
50.00	97.61	97.61	97.49	97.49
81.64	97.84	97.84	99.79	99.79
44.23	98.25	98.25	99.16	99.16
50.57	99.58	99.58	99.58	99.58
40.06	99.57	99.57	98.01	98.01
39.30	96.51	96.51	97.28	97.28
39.07	96.74	79.78	98.63	84.66
76.36	100.00	100.00	99.89	99.89
51.32	63.09	63.09	64.62	64.62
43.41	98.60	89.28	98.63	80.28
44.31	66.71	66.71	64.96	64.96
33.33	84.25	84.25	75.77	75.77
42.24	91.06	91.06	95.45	95.45
78.51	100.00	100.00	99.59	99.59
39.55	91.25	91.25	90.91	90.91
51.49	95.92	95.92	96.69	96.69
40.34	95.87	95.87	96.28	96.28
36.44	95.53	95.53	96.69	96.69
39.02	100.00	89.48	95.77	84.80
82.04	100.00	100.00	99.71	99.71
35.11	99.24	90.41	95.87	83.90
36.39	99.16	89.02	95.87	85.74
31.30	99.43	92.10	95.87	82.77
28.64	64.29	64.29	59.10	59.10
49.44	99.09	99.09	98.65	98.65
79.87	100.00	100.00	99.89	99.89
47.22	99.31	99.31	98.31	98.31
52.31	99.43	99.43	98.65	98.65
42.17	99.34	99.34	99.21	99.21
34.27	94.22	94.22	93.02	93.02
43.09	99.19	99.19	16.05	16.05
73.98	99.19	99.19	16.05	16.05
35.94	100.00	100.00	16.18	16.18
48.36	97.60	97.60	16.05	16.05
37.60	99.21	99.21	16.05	16.05
31.54	96.30	96.30	15.52	15.52
45.91	84.94	53.75	83.39	54.55
63.90	92.08	92.08	90.97	90.97
47.38	99.44	57.06	85.68	57.30
46.66	92.68	56.05	90.13	59.68
49.39	40.52	40.52	38.75	38.75
43.38	92.87	57.75	90.01	59.49
55.02	83.11	83.11	82.08	82.08
85.25	98.61	98.61	95.60	95.60
56.41	86.05	86.05	94.65	94.65
61.11	76.60	76.60	84.91	84.91
55.81	98.60	98.60	94.65	94.65
51.30	97.74	97.74	94.65	94.65
63.61	99.48	99.48	95.67	95.67
85.91	100.00	100.00	99.88	99.88
65.35	96.83	96.83	96.66	96.66
66.71	100.00	100.00	99.88	99.88
62.33	100.00	100.00	99.88	99.88
64.77	85.25	85.25	95.54	95.54
53.71	91.23	91.23	92.17	92.17
88.25	94.69	94.69	93.21	93.21
50.80	92.27	92.27	93.21	93.21
55.21	92.84	92.84	93.99	93.99
55.57	90.17	90.17	93.34	93.34
53.46	86.71	86.71	94.65	94.65
54.42	97.05	97.05	95.39	95.39
85.49	100.00	100.00	99.87	99.87
50.75	96.54	96.54	96.84	96.84
56.99	96.05	96.05	96.18	96.18
52.79	95.08	95.08	96.84	96.84
48.04	94.47	94.47	96.84	96.84
53.42	82.27	82.27	83.36	83.36
83.33	98.99	98.99	99.00	99.00
50.74	84.07	84.07	82.93	82.93
53.00	98.83	98.83	96.56	96.56
46.50	88.13	88.13	96.99	96.99
43.27	83.57	83.57	81.92	81.92
41.00	97.42	97.42	78.15	78.15
71.69	100.00	100.00	81.19	81.19
35.07	89.60	89.60	80.08	80.08
39.78	88.03	88.03	82.16	82.16
37.83	81.20	81.20	74.83	74.83
35.21	92.90	92.90	82.43	82.43
43.22	99.74	99.74	98.73	98.73
77.74	100.00	100.00	99.87	99.87
42.32	99.24	99.24	98.10	98.10
41.53	99.74	99.74	98.73	98.73
42.16	98.27	98.27	97.72	97.72
38.64	99.01	99.01	97.97	97.97
36.14	95.89	95.89	88.00	88.00
74.01	100.00	100.00	99.83	99.83
39.87	61.60	61.60	51.83	51.83
35.84	63.95	63.95	47.83	47.83
38.92	61.98	61.98	57.22	57.22
37.07	63.06	63.06	58.09	58.09
40.45	87.92	87.92	86.29	86.29
66.97	95.52	95.52	79.20	79.20
38.06	89.27	89.27	86.29	86.29
39.27	91.73	91.73	86.29	86.29
33.08	92.77	92.77	87.32	87.32
30.55	92.33	92.33	86.99	86.99
32.49	99.66	99.66	98.49	98.49
62.76	100.00	100.00	99.83	99.83
31.65	99.83	99.83	98.66	98.66
35.41	99.16	99.16	98.49	98.49
32.50	99.10	99.10	98.32	98.32
24.69	99.36	99.36	98.66	98.66
38.73	97.39	97.39	95.34	95.34
77.73	100.00	100.00	99.86	99.86
42.16	88.84	88.84	92.68	92.68
47.65	95.56	95.56	99.71	99.71
34.47	97.04	97.04	93.97	93.97
33.90	96.57	96.57	94.55	94.55
39.53	96.83	96.83	94.99	94.99
79.43	98.60	98.60	97.41	97.41
38.67	85.80	85.80	94.30	94.30
43.21	95.16	95.16	94.99	94.99
40.18	95.77	95.77	94.14	94.14
39.38	95.54	95.54	93.44	93.44
37.37	95.87	95.87	48.95	48.95
78.57	91.25	91.25	51.47	51.47
32.65	94.47	94.47	45.38	45.38
36.38	93.37	93.37	50.21	50.21
30.35	87.05	87.05	42.75	42.75
34.35	89.22	89.22	42.65	42.65
35.89	81.44	81.44	48.73	48.73
73.63	90.07	90.07	54.60	54.60
37.47	79.88	79.88	47.18	47.18
39.72	75.60	75.60	39.87	39.87
31.72	76.26	76.26	51.16	51.16
32.79	83.83	83.83	51.83	51.83
36.50	97.96	97.96	98.74	98.74
80.83	99.89	99.89	99.77	99.77
33.56	95.92	95.92	97.25	97.25
39.10	98.74	98.74	98.51	98.51
37.95	98.03	98.03	97.71	97.71
33.60	97.21	97.21	37.61	37.61
71.08	88.58	88.58	30.84	30.84
87.50	87.68	87.68	88.63	88.63
66.10	89.41	89.41	84.26	84.26
68.95	90.39	90.39	88.34	88.34
62.63	88.22	88.22	85.42	85.42
54.33	89.67	89.67	85.42	85.42
47.39	100.00	100.00	70.45	70.45
77.02	100.00	100.00	89.14	89.14
44.71	99.72	99.72	88.89	88.89
50.62	99.71	99.71	88.89	88.89
46.23	100.00	100.00	70.45	70.45
47.98	100.00	100.00	70.45	70.45
37.07	85.22	85.22	47.14	47.14
68.55	96.35	96.35	50.19	50.19
40.82	67.24	67.24	37.05	37.05
39.36	75.25	75.25	43.90	43.90
38.81	98.46	98.46	48.86	48.86
38.55	89.35	89.35	45.14	45.14
50.00	89.51	89.51	79.32	79.32
74.30	96.09	96.09	95.52	95.52
46.87	84.52	84.52	75.14	75.14
48.30	77.90	77.90	78.37	78.37
38.42	71.40	71.40	67.62	67.62
33.90	85.20	85.20	76.88	76.88
41.35	92.86	92.86	47.65	47.65
84.64	97.09	97.09	47.21	47.21
38.52	94.52	94.52	47.48	47.48
47.41	92.46	92.46	47.39	47.39
39.01	95.70	95.70	47.65	47.65
35.61	94.63	94.63	47.65	47.65
26.92	93.63	93.63	84.23	84.23
80.47	100.00	100.00	95.35	95.35
30.47	98.98	98.98	95.65	95.65
28.57	96.46	96.46	94.45	94.45
24.72	82.97	82.97	92.65	92.65
22.86	87.85	87.85	94.00	94.00
38.33	98.44	98.44	97.20	97.20
80.03	94.90	94.90	43.88	43.88
35.85	91.37	91.37	98.36	98.36
40.42	96.55	96.55	97.53	97.53
37.44	96.56	96.56	97.20	97.20
34.34	92.64	92.64	96.22	96.22
56.92	87.53	87.53	54.08	54.08
86.77	90.03	90.03	54.08	54.08
50.15	88.20	88.20	54.08	54.08
58.05	91.11	91.11	54.74	54.74
58.84	90.08	90.08	54.08	54.08
58.28	90.03	90.03	54.08	54.08
59.25	89.88	89.88	87.89	87.89
85.49	100.00	100.00	99.41	99.41
55.06	89.01	89.01	86.72	86.72
58.37	89.19	89.19	87.89	87.89
57.20	92.37	92.37	91.80	91.80
56.11	91.78	91.78	87.70	87.70
54.44	97.49	97.49	82.16	82.16
84.03	96.18	96.18	79.80	79.80
58.48	84.95	84.95	76.94	76.94
59.41	94.16	94.16	79.92	79.92
59.50	98.77	98.77	78.73	78.73
58.59	91.45	91.45	78.53	78.53
58.76	85.09	85.09	31.52	31.52
79.57	75.24	75.24	37.53	37.53
52.43	82.61	82.61	30.60	30.60
61.28	67.34	67.34	30.72	30.72
56.13	70.79	70.79	30.95	30.95
59.71	66.42	66.42	31.52	31.52
81.05	90.50	90.50	82.26	82.26
69.54	95.38	95.38	84.23	84.23
78.11	81.40	81.40	83.51	83.51
80.97	87.38	87.38	84.77	84.77
77.00	89.71	89.71	84.41	84.41
77.73	89.04	89.04	81.90	81.90
79.57	95.31	95.31	96.11	96.11
91.13	99.57	99.57	98.98	98.98
77.73	93.89	93.89	95.50	95.50
79.74	91.00	91.00	95.91	95.91
75.53	92.84	92.84	96.11	96.11
77.56	88.20	88.20	86.12	86.12
73.99	84.78	84.78	65.78	65.78
90.68	95.27	95.27	67.74	67.74
72.38	86.62	86.62	65.50	65.50
72.61	84.99	84.99	66.06	66.06
68.83	88.99	88.99	66.62	66.62
70.69	84.95	84.95	65.08	65.08
51.76	94.18	94.18	86.15	86.15
83.88	100.00	100.00	99.80	99.80
46.50	95.19	95.19	88.19	88.19
49.73	74.20	74.20	75.36	75.36
53.43	96.31	96.31	86.15	86.15
51.61	99.08	99.08	86.15	86.15
40.47	89.96	89.96	86.13	86.13
73.90	99.37	99.37	99.17	99.17
41.23	97.60	97.60	90.89	90.89
45.48	91.12	91.12	87.99	87.99
38.71	79.17	79.17	82.19	82.19
35.10	84.23	84.23	86.96	86.96
46.72	98.31	98.31	97.51	97.51
90.02	100.00	100.00	99.75	99.75
49.88	97.84	97.84	97.51	97.51
47.28	96.16	96.16	95.52	95.52
50.37	97.34	97.34	96.77	96.77
50.61	97.60	97.60	97.26	97.26
58.77	98.84	98.84	97.12	97.12
91.34	100.00	100.00	99.79	99.79
59.29	99.77	99.77	98.35	98.35
57.63	98.61	98.61	97.12	97.12
58.16	100.00	100.00	98.15	98.15
55.62	99.11	99.11	97.74	97.74
71.43	98.82	98.82	87.82	87.82
90.74	100.00	100.00	99.79	99.79
68.59	98.31	98.31	98.32	98.32
69.21	98.53	98.53	98.53	98.53
54.14	96.66	96.66	97.27	97.27
55.17	96.67	96.67	97.27	97.27
70.02	95.58	95.58	95.16	95.16
96.19	99.79	99.79	99.58	99.58
44.12	98.65	98.65	94.11	94.11
74.83	99.78	99.78	95.37	95.37
69.27	99.55	99.55	94.11	94.11
38.60	94.29	94.29	94.11	94.11
50.00	96.34	96.34	96.62	96.62
77.83	100.00	100.00	99.76	99.76
47.88	96.33	96.33	96.38	96.38
50.38	90.40	90.40	94.44	94.44
59.23	98.48	98.48	95.35	95.35
53.90	98.99	98.99	94.44	94.44
50.55	97.20	97.20	96.34	96.34
81.12	100.00	100.00	99.78	99.78
38.70	95.67	95.67	96.77	96.77
48.58	89.76	89.76	96.34	96.34
45.35	98.88	98.88	96.34	96.34
47.81	90.43	90.43	96.13	96.13
47.38	94.29	94.29	91.35	91.35
74.71	91.63	91.63	90.08	90.08
38.76	98.76	98.76	90.72	90.72
49.09	91.94	91.94	92.41	92.41
48.62	98.59	98.59	90.93	90.93
42.02	98.19	98.19	90.93	90.93
36.77	96.92	96.92	26.02	26.02
72.81	97.44	97.44	27.10	27.10
33.79	98.15	98.15	26.26	26.26
48.02	98.26	98.26	26.38	26.38
33.48	98.65	98.65	26.02	26.02
31.84	80.08	80.08	22.42	22.42
30.63	76.88	76.88	28.76	28.76
76.00	96.15	96.15	24.49	24.49
25.13	97.59	97.59	38.78	38.78
40.33	91.42	91.42	23.58	23.58
35.96	94.71	94.71	22.14	22.14
34.56	95.99	95.99	22.40	22.40
59.15	97.02	97.02	95.61	95.61
88.34	100.00	100.00	99.71	99.71
55.70	80.00	80.00	92.11	92.11
34.87	98.29	98.29	90.84	90.84
66.36	88.49	88.49	94.74	94.74
64.31	81.25	81.25	94.74	94.74
58.99	97.52	97.52	97.30	97.30
86.01	96.40	96.40	96.19	96.19
55.63	97.52	97.52	97.30	97.30
57.27	96.85	96.85	96.86	96.86
54.86	97.95	97.95	97.08	97.08
51.14	96.90	96.90	97.08	97.08
40.72	97.65	97.65	78.28	78.28
84.00	99.15	99.15	88.38	88.38
43.73	73.99	73.99	78.28	78.28
44.69	97.48	97.48	78.28	78.28
36.01	97.07	97.07	78.28	78.28
39.30	97.19	97.19	78.54	78.54
58.36	98.20	98.20	96.20	96.20
88.20	99.41	99.41	77.93	77.93
60.31	93.84	93.84	93.57	93.57
57.50	94.10	94.10	93.57	93.57
48.96	96.51	96.51	93.57	93.57
52.28	94.25	94.25	95.32	95.32
54.12	91.94	91.94	91.49	91.49
88.43	98.81	98.81	98.11	98.11
45.83	93.15	93.15	95.74	95.74
52.44	97.16	97.16	96.22	96.22
51.75	95.01	95.01	94.09	94.09
43.68	87.10	87.10	88.18	88.18
37.44	58.17	58.17	16.75	16.75
63.84	100.00	100.00	89.43	89.43
29.27	62.30	62.30	17.62	17.62
31.34	67.87	67.87	18.74	18.74
41.79	39.00	39.00	40.48	40.48
31.63	66.56	66.56	18.57	18.57
55.81	95.33	95.33	28.14	28.14
74.13	94.25	94.25	28.22	28.22
43.06	89.89	89.89	27.97	27.97
54.76	92.68	92.68	28.14	28.14
48.46	96.10	96.10	28.06	28.06
41.11	99.51	99.51	29.29	29.29
69.57	100.00	100.00	99.73	99.73
91.33	100.00	100.00	99.73	99.73
69.13	99.73	99.73	99.19	99.19
72.21	100.00	100.00	99.46	99.46
63.49	100.00	100.00	99.46	99.46
63.96	100.00	100.00	99.46	99.46
57.18	98.75	98.75	99.49	99.49
87.82	100.00	100.00	99.75	99.75
58.67	98.48	98.48	98.99	98.99
61.38	95.45	95.45	94.94	94.94
51.40	98.98	98.98	97.47	97.47
51.62	99.75	99.75	99.49	99.49
62.93	95.54	95.54	93.04	93.04
82.70	100.00	100.00	98.26	98.26
57.06	96.77	96.77	93.00	93.00
60.57	93.79	93.79	91.88	91.88
52.87	95.31	95.31	93.62	93.62
52.70	94.01	94.01	86.83	86.83
40.00	90.04	85.40	96.39	95.78
81.41	99.77	99.77	99.55	99.55
35.23	85.10	85.10	96.61	96.61
43.05	91.23	91.23	97.52	97.52
37.10	92.10	92.10	97.07	97.07
37.53	91.24	91.24	96.39	96.39
58.96	92.65	92.65	97.72	97.72
91.28	100.00	100.00	99.74	99.74
59.90	93.55	93.55	95.29	95.29
62.18	97.72	97.72	97.77	97.77
60.98	99.48	99.48	96.03	96.03
60.88	99.21	99.21	95.78	95.78
34.81	93.10	93.10	33.30	33.30
71.16	97.62	97.62	34.66	34.66
35.73	95.65	95.65	33.93	33.93
38.92	97.03	97.03	34.35	34.35
32.70	95.76	95.76	32.88	32.88
30.97	97.66	97.66	34.35	34.35
66.02	86.99	86.99	66.94	66.94
86.76	99.02	99.02	66.78	66.78
68.22	98.54	98.54	66.45	66.45
69.88	89.38	89.38	65.96	65.96
66.59	97.61	97.61	67.43	67.43
64.30	98.79	98.79	66.78	66.78
36.88	88.22	88.22	83.90	83.90
81.11	99.38	99.38	99.69	99.69
37.02	91.97	91.97	86.69	86.69
38.65	89.90	89.90	84.83	84.83
33.69	87.71	87.71	84.83	84.83
32.76	89.39	89.39	86.69	86.69
51.23	74.35	74.35	61.04	61.04
78.25	87.34	87.34	71.21	71.21
55.56	73.24	73.24	56.28	56.28
66.67	65.78	65.78	53.25	53.25
53.51	81.47	81.47	62.77	62.77
59.85	67.27	67.27	53.90	53.90
36.74	85.95	85.95	85.08	85.08
74.15	96.91	96.91	52.13	52.13
40.99	72.67	72.67	39.36	39.36
52.94	87.10	87.10	47.34	47.34
43.42	72.06	72.06	40.43	40.43
47.21	67.15	67.15	40.43	40.43
48.05	97.87	97.87	73.56	73.56
63.41	92.20	92.20	84.41	84.41
47.57	96.69	96.69	89.15	89.15
53.10	89.79	89.79	85.42	85.42
49.63	97.10	97.10	89.15	89.15
51.13	95.59	95.59	88.14	88.14
45.93	95.00	95.00	92.89	92.89
79.82	97.75	97.75	84.17	84.17
45.07	99.53	99.53	94.67	94.67
55.56	96.43	96.43	83.40	83.40
44.57	82.81	82.81	80.00	80.00
35.34	95.75	95.75	94.22	94.22
33.51	96.20	96.20	98.35	98.35
69.92	100.00	100.00	99.89	99.89
24.77	99.00	99.00	99.45	99.45
35.15	92.74	92.74	99.56	99.56
34.55	95.12	95.12	97.80	97.80
30.30	95.85	95.85	97.91	97.91
54.37	84.39	84.39	21.91	21.91
74.83	99.31	99.31	24.53	24.53
49.03	84.56	84.56	21.91	21.91
54.35	89.25	89.25	21.91	21.91
52.83	82.95	82.95	21.74	21.74
44.94	83.06	83.06	21.91	21.91
54.48	100.00	100.00	99.66	99.66
76.63	100.00	100.00	99.66	99.66
43.10	97.88	97.88	98.63	98.63
64.24	74.55	74.55	56.70	56.70
47.59	99.63	99.63	98.97	98.97
50.17	99.64	99.64	98.97	98.97
62.72	96.54	96.54	99.56	99.56
77.51	100.00	100.00	99.78	99.78
57.31	98.21	98.21	74.91	74.91
67.61	91.68	91.68	78.81	78.81
61.25	80.12	80.12	87.34	87.34
61.60	80.48	80.48	74.54	74.54
76.53	99.68	99.68	99.68	99.68
95.47	100.00	100.00	99.68	99.68
72.03	91.67	91.67	92.26	92.26
82.70	93.23	93.23	93.23	93.23
69.87	100.00	100.00	99.68	99.68
63.34	99.67	99.67	99.68	99.68
57.89	84.02	84.02	91.00	91.00
89.29	100.00	100.00	99.04	99.04
51.55	80.11	80.11	92.93	92.93
59.62	81.48	81.48	84.89	84.89
55.31	83.95	83.95	84.57	84.57
51.86	86.98	86.98	89.07	89.07
46.18	96.52	96.52	83.78	83.78
79.47	100.00	100.00	99.71	99.71
41.55	93.99	93.99	88.79	88.79
51.22	93.05	93.05	84.66	84.66
53.79	94.97	94.97	85.55	85.55
52.05	97.27	97.27	85.84	85.84
42.73	98.23	98.23	97.65	97.65
66.87	93.02	93.02	71.30	71.30
44.64	99.11	99.11	97.95	97.95
46.15	98.62	98.62	83.58	83.58
41.19	100.00	100.00	97.95	97.95
30.86	86.22	86.22	98.83	98.83
63.78	83.29	83.29	92.80	92.80
87.09	90.96	90.96	53.46	53.46
65.65	77.17	77.17	52.04	52.04
69.31	86.32	86.32	53.64	53.64
59.59	85.42	85.42	96.83	96.83
60.82	79.20	79.20	90.78	90.78
41.73	76.02	76.02	20.06	20.06
58.64	99.35	99.35	23.55	23.55
35.43	78.29	78.29	18.31	18.31
40.13	85.14	85.14	21.80	21.80
32.00	81.11	81.11	89.70	89.70
38.13	74.58	74.58	19.77	19.77
57.85	68.02	68.02	76.39	76.39
68.55	78.25	78.25	78.36	78.36
53.50	66.76	66.76	76.72	76.72
58.85	73.21	73.21	76.72	76.72
55.88	75.74	75.74	75.08	75.08
56.79	72.17	72.17	74.75	74.75
46.23	95.24	95.24	50.32	50.32
89.04	95.83	95.83	48.55	48.55
41.96	97.39	97.39	50.32	50.32
45.64	91.14	91.14	46.77	46.77
37.79	88.82	88.82	46.94	46.94
34.09	88.99	88.99	82.90	82.90
45.99	81.38	81.38	29.26	29.26
77.74	94.00	94.00	35.37	35.37
48.30	75.14	75.14	32.82	32.82
48.74	82.01	82.01	29.64	29.64
49.12	78.32	78.32	28.12	28.12
51.77	77.70	77.70	27.74	27.74
63.32	99.62	99.62	97.74	97.74
89.23	98.86	98.86	98.11	98.11
51.33	100.00	100.00	98.87	98.87
66.67	99.62	99.62	98.49	98.49
56.15	99.62	99.62	98.11	98.11
37.07	100.00	100.00	97.74	97.74
56.69	90.43	90.43	86.75	86.75
74.89	99.56	99.56	93.31	93.31
54.15	92.55	92.55	93.17	93.17
43.77	79.63	100.00	90.24	96.14
55.61	92.18	92.18	88.28	88.28
52.98	91.28	91.28	90.24	90.24
55.10	95.15	95.15	95.92	95.92
75.79	97.94	97.94	96.94	96.94
49.47	87.96	87.96	95.92	95.92
52.17	90.20	90.20	92.86	92.86
50.52	93.27	93.27	97.96	97.96
48.96	90.57	90.57	95.92	95.92
56.22	100.00	100.00	97.65	97.65
86.61	100.00	100.00	99.61	99.61
58.78	98.79	98.79	79.55	79.55
60.89	99.20	99.20	80.52	80.52
54.69	97.99	97.99	96.08	96.08
55.28	97.58	97.58	78.57	78.57
42.58	95.85	95.85	86.90	86.90
80.08	96.79	96.79	84.83	84.83
41.02	98.42	98.42	87.59	87.59
52.72	90.59	90.59	81.72	81.72
41.25	99.58	99.58	81.03	81.03
27.51	76.05	76.05	64.48	64.48
63.30	84.79	84.79	74.80	74.80
91.59	90.40	90.40	90.40	90.40
57.96	90.24	90.24	74.83	74.83
65.95	91.57	91.57	92.80	92.80
60.00	99.16	99.16	95.60	95.60
64.82	82.20	82.20	79.60	79.60
52.49	100.00	100.00	99.62	99.62
81.61	100.00	100.00	99.62	99.62
54.59	80.16	80.16	79.01	79.01
57.14	81.38	81.38	77.48	77.48
49.76	72.98	72.98	79.01	79.01
48.12	100.00	100.00	99.62	99.62
56.25	93.33	93.33	43.24	43.24
87.74	98.13	98.13	85.48	85.48
56.52	93.50	93.50	96.64	96.64
62.61	98.29	98.29	96.64	96.64
74.36	96.69	96.69	45.17	45.17
73.04	98.29	98.29	44.40	44.40
32.20	84.69	84.69	37.74	37.74
54.92	97.90	97.90	52.03	52.03
36.73	94.69	94.69	41.79	41.79
37.89	88.73	88.73	40.51	40.51
29.41	98.61	98.61	49.89	49.89
33.69	88.21	88.21	39.23	39.23
44.49	95.58	95.58	98.27	98.27
76.96	100.00	100.00	99.57	99.57
40.00	95.13	95.13	73.14	73.14
42.98	95.13	95.13	97.84	97.84
35.84	95.15	95.15	97.84	97.84
36.32	96.14	96.14	51.89	51.89
64.37	37.84	37.84	39.19	39.19
71.88	100.00	100.00	99.55	99.55
61.11	41.31	41.31	38.30	38.30
39.22	98.33	98.33	85.96	85.96
43.50	99.07	99.07	97.75	97.75
47.19	41.75	41.75	37.87	37.87
66.83	100.00	100.00	99.51	99.51
89.71	100.00	100.00	99.51	99.51
64.39	100.00	100.00	99.51	99.51
65.37	100.00	100.00	99.51	99.51
69.12	100.00	100.00	99.51	99.51
73.04	99.51	99.51	99.51	99.51
48.29	99.01	99.01	97.50	97.50
63.79	81.99	81.99	87.00	87.00
56.02	86.91	86.91	83.16	83.16
54.92	59.22	59.22	60.50	60.50
45.40	94.57	94.57	86.15	86.15
46.29	93.09	93.09	88.72	88.72
33.51	95.38	95.38	85.78	85.78
71.01	100.00	100.00	53.99	53.99
35.86	93.14	93.14	86.70	86.70
36.98	85.39	85.39	85.32	85.32
30.11	83.33	83.33	80.28	80.28
29.55	96.68	96.68	95.87	95.87
33.15	81.73	81.73	13.73	13.73
73.89	97.60	97.60	95.31	95.31
27.75	90.64	90.64	22.56	22.56
33.83	66.17	66.17	10.45	10.45
27.70	71.36	71.36	46.23	46.23
26.56	88.18	88.18	57.23	57.23
42.86	96.15	96.15	94.54	94.54
81.77	98.91	98.91	98.36	98.36
43.79	91.35	91.35	91.26	91.26
44.07	98.33	98.33	63.50	63.50
43.82	94.15	94.15	96.17	96.17
40.46	91.98	91.98	92.35	92.35
48.18	70.32	70.32	13.75	13.75
90.27	69.33	69.33	59.47	59.47
33.63	71.07	71.07	13.88	13.88
48.04	64.33	64.33	53.68	53.68
50.50	67.11	67.11	53.16	53.16
51.96	65.16	65.16	53.68	53.68
45.07	74.35	74.35	84.02	84.02
69.64	100.00	100.00	99.41	99.41
45.99	84.57	84.57	81.07	81.07
53.28	84.05	84.05	81.07	81.07
48.85	84.38	84.38	99.41	99.41
52.52	69.85	69.85	82.25	82.25
39.43	100.00	100.00	99.41	99.41
76.19	100.00	100.00	99.41	99.41
34.62	100.00	100.00	99.41	99.41
34.88	92.03	92.03	15.73	15.73
36.53	97.02	97.02	96.45	96.45
38.82	99.40	99.40	98.82	98.82
59.01	98.06	98.06	97.52	97.52
86.88	100.00	100.00	99.38	99.38
62.76	91.61	91.61	88.82	88.82
61.15	96.84	96.84	96.89	96.89
61.81	89.47	89.47	89.44	89.44
56.05	95.51	95.51	97.52	97.52
45.90	66.30	66.30	68.54	68.54
76.67	68.97	68.97	67.42	67.42
47.50	37.04	37.04	44.94	44.94
46.15	68.42	68.42	73.03	73.03
41.54	68.42	68.42	73.03	73.03
34.33	60.95	60.95	75.28	75.28
67.36	96.62	96.62	95.92	95.92
90.41	100.00	100.00	99.32	99.32
68.49	100.00	100.00	99.32	99.32
66.44	100.00	100.00	99.33	99.33
62.42	100.00	100.00	99.33	99.33
64.67	100.00	100.00	99.32	99.32
55.32	83.93	83.93	80.17	80.17
84.35	100.00	100.00	99.14	99.14
55.79	84.07	84.07	81.03	81.03
51.49	89.38	89.38	86.21	86.21
36.63	82.79	82.79	80.17	80.17
36.28	81.95	81.95	93.10	93.10
37.25	65.71	65.71	71.33	71.33
38.46	67.48	67.48	65.69	65.69
36.78	50.32	50.32	63.50	63.50
39.02	53.62	53.62	59.85	59.85
33.33	60.27	60.27	70.07	70.07
37.50	47.06	47.06	58.39	58.39
75.00	94.59	94.59	96.55	96.55
84.40	96.58	96.58	97.24	97.24
68.06	100.00	100.00	99.31	99.31
72.14	95.89	95.89	96.55	96.55
70.71	100.00	100.00	96.55	96.55
68.31	99.30	99.30	97.93	97.93
78.46	100.00	100.00	99.24	99.24
90.77	95.59	95.59	99.24	99.24
73.08	100.00	100.00	99.24	99.24
78.46	100.00	100.00	99.24	99.24
71.54	100.00	100.00	99.24	99.24
79.23	100.00	100.00	99.24	99.24
43.08	99.21	99.21	98.48	98.48
75.57	100.00	100.00	99.24	99.24
38.10	96.03	96.03	95.45	95.45
32.43	84.50	84.50	82.58	82.58
37.50	96.85	96.85	96.21	96.21
35.16	96.83	96.83	96.21	96.21
38.71	59.24	59.24	45.32	45.32
80.00	87.68	87.68	88.67	88.67
35.88	79.14	79.14	62.93	62.93
33.08	79.17	79.17	64.39	64.39
37.40	81.25	81.25	63.41	63.41
39.80	61.25	61.25	47.80	47.80
32.84	93.48	93.48	57.85	57.85
74.22	98.46	98.46	56.50	56.50
32.48	92.86	92.86	51.12	51.12
39.84	95.52	95.52	56.50	56.50
38.21	95.35	95.35	54.71	54.71
58.93	100.00	100.00	99.11	99.11
71.43	54.55	54.55	55.36	55.36
60.91	98.20	98.20	98.21	98.21
44.55	100.00	100.00	99.10	99.10
48.57	99.06	99.06	22.78	22.78
51.14	97.78	97.78	87.13	87.13
88.42	95.00	95.00	94.06	94.06
46.59	96.70	96.70	87.13	87.13
44.44	98.02	98.02	91.09	91.09
60.92	72.65	72.65	86.14	86.14
48.39	90.10	90.10	91.09	91.09
56.73	91.82	91.82	88.60	88.60
83.04	100.00	100.00	99.12	99.12
50.00	90.83	90.83	88.60	88.60
58.10	92.92	92.92	90.35	90.35
60.40	90.83	90.83	88.60	88.60
56.31	93.52	93.52	90.35	90.35
70.59	96.23	96.23	23.45	23.45
30.69	80.16	80.16	23.22	23.22
35.71	61.40	61.40	16.09	16.09
65.12	91.49	91.49	96.63	96.63
93.02	100.00	100.00	96.63	96.63
62.65	92.22	92.22	93.26	93.26
70.67	81.52	81.52	84.27	84.27
58.02	95.24	95.24	91.01	91.01
48.84	91.49	91.49	88.76	88.76
78.95	62.64	62.64	90.48	90.48
93.33	68.18	68.18	95.24	95.24
73.77	67.03	67.03	95.24	95.24
84.21	62.64	62.64	90.48	90.48
51.67	72.50	72.50	95.24	95.24
49.21	67.74	67.74	92.06	92.06
80.77	91.67	91.67	88.51	88.51
94.05	100.00	100.00	96.55	96.55
73.08	93.98	93.98	89.66	89.66
79.22	91.67	91.67	88.51	88.51
78.57	98.80	98.80	96.55	96.55
70.13	93.90	93.90	88.51	88.51
61.04	100.00	100.00	95.00	95.00
91.14	100.00	100.00	98.75	98.75
52.56	100.00	100.00	96.25	96.25
58.44	100.00	100.00	95.00	95.00
52.63	96.10	96.10	92.50	92.50
46.58	94.81	94.81	86.25	86.25
59.78	83.64	83.64	91.00	91.00
88.78	98.99	98.99	98.00	98.00
57.14	87.50	87.50	91.00	91.00
58.33	93.20	93.20	96.00	96.00
56.52	80.53	80.53	92.00	92.00
49.43	81.31	81.31	84.00	84.00
57.14	64.96	64.96	66.67	66.67
80.31	99.22	99.22	94.07	94.07
52.00	77.60	77.60	72.59	72.59
54.00	74.44	74.44	77.52	77.52
54.64	64.29	64.29	75.19	75.19
43.16	55.23	55.23	66.67	66.67
62.37	97.89	97.89	93.94	93.94
84.69	100.00	100.00	98.99	98.99
50.00	91.84	91.84	90.91	90.91
62.77	97.92	97.92	94.95	94.95
42.39	97.87	97.87	92.93	92.93
83.28	95.49	95.49	97.45	97.45
90.47	100.00	100.00	99.96	99.96
80.99	99.06	99.06	98.09	98.09
83.39	98.63	98.63	98.09	98.09
73.20	97.76	97.76	98.09	98.09
61.61	96.48	96.48	98.09	98.09
41.05	92.49	92.49	66.04	66.04
63.98	97.07	97.07	68.06	68.06
33.99	91.70	91.70	65.46	65.46
46.46	93.89	93.89	68.21	68.21
34.44	97.01	97.01	67.63	67.63
31.22	95.94	95.94	66.33	66.33
48.26	72.78	72.78	68.42	68.42
68.42	100.00	100.00	99.69	99.69
39.52	71.35	71.35	71.52	71.52
53.04	74.27	74.27	69.97	69.97
40.60	68.42	68.42	69.35	69.35
50.27	51.80	51.80	55.73	55.73
38.78	98.32	98.32	98.75	98.75
71.28	100.00	100.00	99.79	99.79
38.73	93.46	93.46	98.75	98.75
43.89	97.77	97.77	99.38	99.38
39.14	99.79	99.79	99.38	99.38
32.61	98.40	98.40	98.54	98.54
57.64	90.21	90.21	50.52	50.52
80.61	83.23	83.23	49.30	49.30
55.72	88.29	88.29	49.67	49.67
59.85	85.76	85.76	50.70	50.70
54.93	86.13	86.13	49.58	49.58
53.99	86.46	86.46	85.02	85.02
34.00	98.99	98.99	99.64	99.64
71.21	96.54	96.54	90.88	90.88
32.69	94.59	94.59	89.62	89.62
34.47	97.96	97.96	97.09	97.09
39.20	65.89	65.89	66.73	66.73
33.26	76.73	76.73	81.22	81.22
57.25	93.30	93.30	94.41	94.41
76.29	99.41	99.41	97.13	97.13
53.74	83.87	83.87	91.40	91.40
61.05	71.41	71.41	87.39	87.39
50.45	98.22	98.22	95.13	95.13
34.64	98.98	98.98	94.41	94.41
45.83	87.74	79.04	30.05	93.51
61.57	98.33	98.33	32.79	32.79
40.41	88.27	85.19	30.37	98.20
50.47	82.91	82.91	28.26	28.26
59.44	52.79	52.79	22.09	22.09
58.60	52.01	52.01	22.09	22.09
72.09	99.78	99.78	99.56	99.56
91.43	99.34	99.34	99.78	99.78
57.78	94.10	94.10	98.03	98.03
74.07	99.78	99.78	99.56	99.56
66.96	98.25	98.25	98.03	98.03
68.51	93.95	93.95	95.18	95.18
38.26	99.25	99.25	96.12	96.12
73.94	98.78	98.78	97.72	97.72
28.70	96.66	87.78	95.58	98.60
43.17	99.07	86.65	95.58	96.08
32.34	98.98	98.98	95.72	95.72
35.16	99.61	86.55	95.72	94.27
35.28	88.57	88.57	81.43	81.43
66.10	99.35	99.35	85.24	85.24
32.45	91.97	91.97	85.70	85.70
39.09	95.88	95.88	71.74	71.74
29.26	97.83	97.83	86.39	86.39
27.05	98.10	98.10	87.20	87.20
47.50	98.02	98.02	98.82	98.82
69.32	100.00	100.00	99.87	99.87
46.62	98.42	90.72	98.72	95.97
47.67	99.48	99.48	99.74	99.74
46.20	99.34	99.34	99.35	99.35
42.56	99.35	99.35	99.48	99.48
36.41	99.28	99.28	99.18	99.18
70.90	99.69	99.69	99.59	99.59
29.82	88.70	88.70	87.13	87.13
39.61	98.15	98.15	98.06	98.06
34.83	98.76	98.76	97.65	97.65
30.49	97.60	97.60	96.42	96.42
47.89	88.17	88.61	84.87	94.17
75.77	100.00	100.00	94.86	94.86
39.50	91.14	92.09	84.38	99.77
51.58	87.49	100.00	84.58	93.46
43.64	82.38	92.95	84.29	99.31
42.34	82.88	89.03	85.35	98.18
34.21	77.15	77.15	75.16	75.16
68.24	98.75	98.75	98.76	98.76
27.49	97.38	97.38	95.34	95.34
29.61	93.35	93.35	93.48	93.48
26.25	97.72	97.72	95.96	95.96
26.96	96.83	96.83	95.34	95.34
42.95	97.35	97.35	71.00	71.00
68.51	100.00	100.00	72.57	72.57
39.65	98.01	98.01	62.54	62.54
46.25	88.91	88.91	62.85	62.85
40.84	96.26	96.26	62.38	62.38
37.02	92.95	92.95	63.48	63.48
46.53	94.34	94.34	75.37	75.37
84.71	96.05	96.05	84.58	84.58
44.61	95.48	95.48	84.08	84.08
55.16	94.38	94.38	84.33	84.33
42.57	94.97	94.97	84.33	84.33
38.11	97.74	97.74	84.33	84.33
46.36	98.35	98.35	94.87	94.87
72.31	99.90	99.90	99.81	99.81
45.73	97.12	97.12	96.61	96.61
51.66	97.85	97.85	97.97	97.97
49.47	97.77	97.77	96.90	96.90
47.76	97.82	97.82	97.29	97.29
44.71	80.56	80.56	72.58	72.58
68.61	93.35	93.35	92.65	92.65
45.57	82.96	82.96	76.79	76.79
52.27	82.42	87.10	78.17	81.86
45.88	87.49	78.78	75.11	95.94
40.57	77.34	77.34	69.31	69.31
52.60	82.45	82.45	82.85	82.85
76.57	99.67	99.67	99.57	99.57
42.39	97.31	97.31	95.25	95.25
53.38	85.15	85.15	82.96	82.96
42.91	90.63	90.63	81.77	81.77
25.83	58.56	58.56	55.45	55.45
34.88	80.58	80.58	84.58	84.58
68.89	100.00	100.00	88.76	88.76
28.60	91.61	91.61	81.85	81.85
34.59	89.71	89.71	89.35	89.35
31.18	83.20	83.20	76.42	76.42
35.46	86.93	86.93	81.07	81.07
46.72	90.77	90.77	41.24	41.24
83.90	95.90	95.90	48.76	48.76
44.19	96.24	96.24	43.43	43.43
42.24	89.76	89.76	40.88	40.88
51.24	97.56	97.56	42.34	42.34
50.41	97.60	97.60	43.07	43.07
39.23	99.14	99.14	98.66	98.66
73.96	99.36	99.36	57.74	57.74
37.89	98.27	98.27	97.79	97.79
42.09	99.16	99.16	68.69	68.69
37.08	99.38	99.38	66.30	66.30
36.42	97.02	97.02	97.79	97.79
49.05	62.91	62.91	76.58	76.58
75.30	76.72	76.72	87.13	87.13
47.26	57.85	57.85	60.34	60.34
49.87	68.98	68.98	78.06	78.06
48.62	54.32	54.32	60.97	60.97
42.95	61.57	61.57	60.55	60.55
81.20	99.50	99.50	91.10	91.10
25.00	27.85	27.85	27.27	27.27
61.46	95.09	95.09	93.94	93.94
89.32	94.24	94.24	93.15	93.15
54.38	91.28	91.28	94.08	94.08
56.74	85.71	85.71	95.73	95.73
49.65	94.68	94.68	97.52	97.52
49.43	93.45	93.45	95.32	95.32
49.79	90.22	90.22	97.14	97.14
81.28	100.00	100.00	99.86	99.86
43.81	98.58	98.58	94.28	94.28
52.74	98.16	98.16	94.29	94.29
55.32	98.86	98.86	94.28	94.28
55.49	98.18	98.18	94.69	94.69
72.08	93.75	93.75	91.95	91.95
86.19	91.92	91.92	91.19	91.19
67.66	90.38	90.38	90.04	90.04
71.37	96.50	96.50	95.02	95.02
65.53	92.49	92.49	90.04	90.04
66.53	97.64	97.64	95.02	95.02
41.38	94.55	94.55	84.25	84.25
83.36	88.93	88.93	87.98	87.98
39.22	95.14	95.14	83.43	83.43
40.13	98.38	98.38	82.60	82.60
40.36	89.64	89.64	80.94	80.94
40.71	94.55	94.55	86.74	86.74
35.42	74.76	74.76	80.67	80.67
66.12	94.94	94.94	96.95	96.95
37.78	69.50	69.50	76.31	76.31
38.94	72.41	72.41	75.87	75.87
40.41	81.86	81.86	75.87	75.87
42.92	59.55	59.55	61.34	61.34
55.02	85.49	85.49	87.85	87.85
80.84	96.10	96.10	85.71	85.71
51.25	79.63	79.63	77.18	77.18
59.06	89.68	89.68	86.86	86.86
53.64	88.00	88.00	85.55	85.55
53.75	96.28	96.28	87.19	87.19
53.54	90.73	90.73	88.12	88.12
77.25	89.42	89.42	93.40	93.40
51.71	89.16	89.16	88.61	88.61
54.71	89.14	89.14	88.12	88.12
49.82	86.55	86.55	88.78	88.78
47.55	89.86	89.86	87.62	87.62
45.56	89.78	89.78	94.24	94.24
84.38	93.75	93.75	97.58	97.58
44.49	93.28	93.28	95.72	95.72
49.28	85.84	85.84	89.03	89.03
43.92	93.09	93.09	96.10	96.10
44.19	92.06	92.06	96.10	96.10
53.21	94.89	94.89	89.35	89.35
75.72	96.97	96.97	97.01	97.01
47.32	81.90	81.90	86.36	86.36
58.28	88.79	88.79	88.41	88.41
51.79	95.38	95.38	88.41	88.41
48.97	97.18	97.18	89.91	89.91
55.72	87.90	87.90	90.91	90.91
84.97	99.35	99.35	86.60	86.60
61.10	93.80	93.80	88.01	88.01
60.91	95.45	95.45	88.97	88.97
60.71	96.79	96.79	87.23	87.23
59.26	97.23	97.23	88.20	88.20
51.56	96.60	96.60	93.62	93.62
76.90	96.82	96.82	93.78	93.78
49.22	96.62	96.62	93.62	93.62
50.78	96.60	96.60	93.62	93.62
47.02	96.77	96.77	93.78	93.78
44.35	96.64	96.64	93.62	93.62
35.64	69.22	69.22	59.47	59.47
68.17	98.98	98.98	80.92	80.92
35.83	76.84	76.84	58.36	58.36
49.42	72.96	83.45	58.91	78.96
40.78	75.29	75.29	59.05	59.05
40.77	76.53	78.62	58.91	80.61
41.86	78.18	78.18	56.58	56.58
76.43	88.09	88.09	74.67	74.67
34.80	85.71	85.71	69.90	69.90
38.79	79.34	79.34	68.09	68.09
35.54	94.49	94.49	71.71	71.71
38.89	72.65	72.65	55.26	55.26
54.18	89.61	89.61	75.43	75.43
81.42	78.71	78.71	76.96	76.96
53.52	92.41	92.41	77.17	77.17
55.62	90.79	90.79	75.43	75.43
52.05	89.74	89.74	74.35	74.35
49.86	92.41	92.41	76.52	76.52
69.52	78.15	78.15	29.41	29.41
86.56	72.74	72.74	30.24	30.24
65.32	88.76	88.76	29.26	29.26
71.50	76.46	76.46	29.11	29.11
73.96	81.01	81.01	28.37	28.37
72.85	79.30	79.30	28.37	28.37
41.27	93.12	93.12	91.59	91.59
72.48	99.64	99.64	99.46	99.46
41.72	87.90	87.90	86.94	86.94
50.21	87.69	87.69	86.40	86.40
40.91	89.37	89.37	86.76	86.76
34.83	91.17	91.17	90.70	90.70
73.84	97.64	97.64	95.57	95.57
92.99	99.46	99.46	98.58	98.58
75.28	95.67	95.67	93.97	93.97
68.40	98.20	98.20	95.39	95.39
69.91	98.35	98.35	94.33	94.33
68.70	96.95	96.95	95.04	95.04
45.07	94.54	94.54	91.65	91.65
65.30	100.00	100.00	94.55	94.55
43.73	94.55	94.55	90.46	90.46
45.01	97.23	97.23	92.84	92.84
44.13	98.84	98.84	89.61	89.61
41.97	95.87	95.87	89.95	89.95
37.78	98.81	88.68	44.95	99.81
85.52	96.33	96.33	45.21	45.21
41.82	10.64	10.64	4.75	4.75
34.83	77.03	77.03	39.26	39.26
33.81	77.26	77.26	39.26	39.26
34.36	77.16	77.16	39.43	39.43
58.12	93.61	93.61	74.69	74.69
80.18	83.30	83.30	78.58	78.58
56.45	88.91	88.91	56.33	56.33
60.22	82.42	82.42	78.41	78.41
60.73	79.92	79.92	70.97	70.97
56.51	68.10	68.10	63.36	63.36
47.50	87.43	87.43	88.02	88.02
75.72	94.72	94.72	99.59	99.59
40.80	88.29	88.29	90.08	90.08
47.66	89.78	89.78	89.88	89.88
41.74	85.52	85.52	91.32	91.32
33.82	68.42	68.42	65.70	65.70
39.20	98.05	98.05	89.71	89.71
58.66	99.62	99.62	99.43	99.43
40.78	74.16	74.16	72.19	72.19
39.53	98.03	98.03	91.62	91.62
36.82	91.50	91.50	89.71	89.71
37.40	94.49	94.49	93.14	93.14
33.13	49.68	49.68	51.40	51.40
64.76	97.89	97.89	99.07	99.07
31.82	52.75	52.75	52.96	52.96
44.24	51.39	51.39	50.78	50.78
26.01	92.90	92.90	92.52	92.52
28.66	95.77	95.77	91.28	91.28
43.93	89.44	89.44	85.92	85.92
68.15	94.96	94.96	89.40	89.40
41.06	95.46	95.46	89.40	89.40
45.56	96.22	96.22	89.58	89.58
45.13	88.15	88.15	82.63	82.63
41.88	88.61	88.61	83.73	83.73
61.30	99.14	99.14	61.86	61.86
84.22	98.38	98.38	57.95	57.95
58.16	92.95	92.95	58.49	58.49
62.41	92.49	92.49	57.95	57.95
59.15	90.06	90.06	57.28	57.28
56.20	85.80	85.80	55.39	55.39
37.53	95.04	95.04	86.41	86.41
75.45	86.89	86.89	89.05	89.05
36.41	86.58	86.58	79.31	79.31
38.65	83.61	83.61	79.31	79.31
39.36	75.73	75.73	66.53	66.53
37.17	89.63	89.63	86.41	86.41
37.78	96.22	96.22	95.38	95.38
67.66	100.00	100.00	99.78	99.78
39.18	99.60	99.60	99.12	99.12
42.58	99.60	99.60	99.12	99.12
36.27	100.00	100.00	99.78	99.78
46.45	29.25	29.25	30.11	30.11
53.33	86.49	86.49	92.65	92.65
81.17	98.51	98.51	97.06	97.06
50.00	85.31	85.31	93.28	93.28
53.12	87.60	87.60	92.02	92.02
54.79	88.14	88.14	93.07	93.07
56.12	88.98	88.98	93.07	93.07
50.11	95.84	95.84	96.11	96.11
88.59	99.18	99.18	98.57	98.57
48.63	96.90	96.90	96.93	96.93
41.00	96.53	96.66	95.78	86.37
50.54	92.89	92.89	95.09	95.09
47.07	96.32	96.32	96.11	96.11
69.84	99.31	99.31	89.52	89.52
90.95	90.36	90.36	90.36	90.36
70.91	99.08	99.08	98.20	98.20
70.91	99.47	99.47	86.07	86.07
62.62	95.44	95.44	87.21	87.21
63.34	98.40	98.40	89.10	89.10
69.98	91.89	91.89	94.66	94.66
85.84	96.16	96.16	96.58	96.58
58.31	97.77	97.77	93.80	93.80
74.72	95.46	95.46	94.66	94.66
66.21	93.76	93.76	93.59	93.59
67.57	93.21	93.21	94.23	94.23
26.17	51.77	51.77	33.33	33.33
73.54	92.28	92.28	67.80	67.80
25.32	47.28	47.28	45.13	45.13
23.08	66.60	66.60	43.64	43.64
24.06	53.53	53.53	36.58	36.58
37.95	93.44	93.44	93.60	93.60
74.75	98.38	98.38	97.80	97.80
35.32	94.95	94.95	94.00	94.00
37.76	91.50	91.50	94.00	94.00
40.16	96.95	96.95	96.60	96.60
39.18	94.86	94.86	93.40	93.40
39.19	82.64	82.64	27.09	27.09
68.60	96.11	96.11	37.27	37.27
32.23	76.72	76.72	26.85	26.85
41.57	80.41	80.41	26.68	26.68
30.41	76.21	76.21	26.52	26.52
29.86	83.05	83.05	26.93	26.93
51.46	93.61	93.61	87.63	87.63
85.14	87.50	87.50	90.21	90.21
51.47	96.01	96.01	87.11	87.11
52.10	94.02	94.02	85.82	85.82
46.11	92.49	92.49	87.11	87.11
46.88	75.91	75.91	84.28	84.28
36.97	87.80	87.80	43.63	43.63
69.37	85.84	85.84	45.29	45.29
35.10	89.59	89.59	44.18	44.18
37.70	89.68	89.68	45.29	45.29
32.14	82.49	82.49	45.01	45.01
32.35	89.62	89.62	45.43	45.43
39.87	77.81	77.81	70.93	70.93
73.28	99.49	99.49	85.58	85.58
38.68	73.26	73.26	67.86	67.86
51.64	63.42	63.42	56.74	56.74
43.72	62.37	62.37	56.51	56.51
41.00	84.75	84.75	81.63	81.63
35.47	92.97	92.97	64.68	64.68
66.92	94.44	94.44	62.05	62.05
43.11	79.78	79.78	50.60	50.60
39.85	91.55	91.55	56.32	56.32
42.65	83.86	83.86	58.95	58.95
36.77	76.71	76.71	58.95	58.95
36.24	98.38	98.38	95.71	95.71
72.03	99.56	99.56	98.87	98.87
25.00	93.35	93.35	91.42	91.42
40.52	90.62	90.62	95.26	95.26
31.03	90.04	90.04	88.94	88.94
31.59	91.99	91.99	93.23	93.23
51.53	85.34	85.34	21.93	21.93
70.29	100.00	100.00	29.41	29.41
54.43	90.98	90.98	94.54	94.54
57.63	94.56	94.56	93.55	93.55
47.12	98.42	98.42	97.02	97.02
46.88	91.73	91.73	94.29	94.29
41.25	77.54	77.54	97.38	97.38
69.57	77.48	77.48	99.71	99.71
35.94	79.44	79.44	99.42	99.42
43.02	78.59	78.59	99.42	99.42
30.29	83.33	83.33	99.42	99.42
29.52	69.21	69.21	89.24	89.24
41.41	92.43	92.43	87.29	87.29
65.45	89.82	89.82	90.62	90.62
41.92	88.54	88.54	81.88	81.88
44.30	85.75	85.75	81.67	81.67
32.61	91.53	91.53	83.75	83.75
26.89	82.09	82.09	77.29	77.29
36.32	92.17	92.17	92.29	92.29
61.85	94.78	94.78	98.36	98.36
36.71	91.00	91.00	93.22	93.22
41.96	99.05	99.05	97.66	97.66
39.39	99.03	99.03	96.27	96.27
39.18	99.07	99.07	97.44	97.44
32.66	87.93	87.93	98.21	98.21
61.81	100.00	100.00	99.78	99.78
59.26	30.73	30.73	30.20	30.20
58.62	33.41	33.41	32.21	32.21
41.77	52.91	52.91	55.48	55.48
34.01	96.05	96.05	96.64	96.64
44.85	92.59	92.59	90.02	90.02
87.56	100.00	100.00	99.76	99.76
48.81	94.28	94.28	91.24	91.24
50.13	93.55	93.55	92.46	92.46
46.70	95.87	95.87	91.73	91.73
43.81	98.75	98.75	93.92	93.92
36.60	79.69	79.69	29.62	29.62
75.73	83.29	83.29	39.15	39.15
34.09	80.56	80.56	30.08	30.08
35.38	75.07	75.07	29.74	29.74
34.88	77.02	77.02	29.39	29.39
37.25	82.69	82.69	34.10	34.10
66.22	82.59	82.59	84.78	84.78
90.16	83.22	83.22	85.71	85.71
66.21	81.98	81.98	83.14	83.14
69.21	76.78	76.78	84.78	84.78
62.81	85.21	85.21	85.01	85.01
58.73	85.75	85.75	82.20	82.20
49.49	94.63	94.63	38.92	38.92
77.16	98.30	98.30	38.92	38.92
51.56	95.89	95.89	38.92	38.92
56.45	83.85	83.85	33.38	33.38
50.34	98.27	98.27	38.65	38.65
47.28	99.31	99.31	39.05	39.05
44.55	89.18	89.18	81.43	81.43
72.99	91.03	91.03	89.42	89.42
39.25	94.65	100.00	89.63	80.24
43.73	88.69	88.69	85.75	85.75
44.26	94.64	94.64	82.94	82.94
37.99	91.77	91.77	82.51	82.51
54.99	98.19	98.19	98.36	98.36
71.87	100.00	100.00	99.39	99.39
52.69	86.96	86.96	98.36	98.36
57.03	96.06	96.06	98.36	98.36
49.80	98.00	98.00	98.77	98.77
49.36	93.04	93.04	93.05	93.05
34.68	97.80	77.00	97.80	78.80
60.39	100.00	100.00	99.76	99.76
30.26	79.47	79.47	82.93	82.93
39.16	98.74	66.24	99.76	78.73
30.31	67.17	67.17	70.73	70.73
41.47	82.44	65.12	83.17	60.41
46.05	82.47	82.47	66.04	66.04
76.71	80.22	80.22	68.87	68.87
38.64	67.95	67.95	66.98	66.98
44.91	62.78	62.78	51.57	51.57
39.32	86.69	86.69	72.64	72.64
44.12	67.12	67.12	63.52	63.52
41.27	92.29	100.00	75.05	100.00
83.46	87.41	87.41	85.78	85.78
35.86	92.97	100.00	60.62	100.00
46.97	85.86	85.86	75.49	75.49
33.90	72.05	100.00	59.16	100.00
31.78	95.98	95.98	61.17	61.17
39.34	89.50	89.50	76.13	76.13
74.87	93.59	93.59	92.36	92.36
40.31	97.34	97.34	89.74	89.74
41.90	94.94	94.94	89.50	89.50
40.46	90.26	90.26	89.98	89.98
40.26	82.86	82.86	90.21	90.21
57.53	98.21	98.21	89.11	89.11
78.75	100.00	100.00	98.60	98.60
51.05	97.08	97.08	86.59	86.59
54.13	93.10	93.10	88.55	88.55
54.66	96.96	96.96	87.99	87.99
41.94	98.31	98.31	91.06	91.06
44.02	98.71	98.71	97.61	97.61
78.26	98.79	98.79	98.81	98.81
43.66	87.27	87.27	79.00	79.00
49.02	97.00	97.00	97.85	97.85
44.71	97.71	97.71	98.57	98.57
44.26	99.24	99.24	98.57	98.57
40.20	87.21	87.21	84.31	84.31
63.44	95.09	95.09	89.76	89.76
35.34	94.88	94.88	86.49	86.49
42.34	94.76	94.76	87.58	87.58
41.58	77.31	77.31	78.87	78.87
37.17	95.84	95.84	89.32	89.32
50.15	97.68	97.68	98.54	98.54
85.16	97.97	97.97	98.54	98.54
52.11	96.78	96.78	97.08	97.08
58.11	93.65	93.65	98.54	98.54
43.98	96.18	96.18	96.49	96.49
39.17	97.06	97.06	96.78	96.78
33.93	89.14	89.14	72.34	72.34
71.52	81.27	81.27	81.91	81.91
30.51	84.84	84.84	78.19	78.19
29.80	91.93	91.93	78.99	78.99
32.06	96.54	96.54	80.59	80.59
31.53	98.20	98.20	80.05	80.05
50.87	82.90	82.90	74.22	74.22
75.42	75.96	75.96	77.34	77.34
47.30	79.46	79.46	74.48	74.48
49.33	78.48	78.48	76.30	76.30
59.93	91.74	91.74	78.39	78.39
56.54	96.20	96.20	78.39	78.39
28.87	87.29	87.29	97.69	97.69
79.95	100.00	100.00	99.74	99.74
37.97	45.81	45.81	47.18	47.18
28.96	98.45	98.45	99.23	99.23
32.91	95.85	95.85	96.41	96.41
29.14	98.96	98.96	97.44	97.44
41.67	66.67	66.67	46.15	46.15
50.72	62.26	62.26	79.31	79.31
36.00	69.44	69.44	48.08	48.08
37.93	80.56	80.56	53.85	53.85
34.41	82.57	82.57	58.33	58.33
42.22	78.18	78.18	55.77	55.77
36.96	93.46	93.46	88.59	88.59
79.08	86.67	86.67	83.94	83.94
33.59	98.19	98.19	97.67	97.67
39.13	94.95	94.95	95.08	95.08
34.88	93.44	93.44	88.59	88.59
32.64	95.67	95.67	96.11	96.11
33.72	98.19	98.19	99.47	99.47
82.18	99.73	99.73	99.47	99.47
39.30	85.03	85.03	89.42	89.42
38.30	97.91	97.91	98.68	98.68
31.82	97.46	97.46	98.41	98.41
33.52	88.01	88.01	88.89	88.89
45.08	80.65	80.65	30.09	30.09
83.07	90.99	90.99	32.71	32.71
45.42	80.41	80.41	30.09	30.09
47.77	93.33	93.33	31.97	31.97
55.02	95.10	95.10	32.29	32.29
52.76	89.14	89.14	30.30	30.30
95.29	78.70	78.70	39.17	39.17
92.94	73.91	73.91	39.17	39.17
89.41	77.27	77.27	39.17	39.17
96.47	78.70	78.70	39.17	39.17
87.06	79.44	79.44	39.17	39.17
67.06	70.25	70.25	39.17	39.17
40.71	96.83	96.83	78.22	78.22
74.45	90.68	90.68	84.25	84.25
48.48	95.00	95.00	84.25	84.25
50.46	86.17	86.17	45.56	45.56
46.42	96.91	96.91	83.99	83.99
42.64	95.56	95.56	84.25	84.25
39.31	88.80	88.80	80.21	80.21
67.96	93.92	93.92	43.71	43.71
36.34	93.97	93.97	92.84	92.84
35.57	96.01	96.01	88.54	88.54
35.87	92.68	92.68	86.36	86.36
33.33	89.82	89.82	91.40	91.40
54.76	98.86	98.86	82.58	82.58
92.88	100.00	100.00	99.72	99.72
50.29	97.67	97.67	80.91	80.91
52.27	100.00	100.00	83.77	83.77
50.73	98.83	98.83	97.44	97.44
45.53	98.84	98.84	81.86	81.86
32.62	57.99	57.99	53.64	53.64
65.43	77.62	77.62	74.93	74.93
34.92	62.29	62.29	54.23	54.23
41.80	55.16	55.16	54.52	54.52
42.31	58.55	58.55	51.02	51.02
31.44	81.91	81.91	74.05	74.05
42.29	73.03	73.03	86.71	86.71
77.04	99.68	99.68	99.68	99.68
45.28	68.18	68.18	80.06	80.06
49.60	66.29	66.29	78.48	78.48
43.30	85.76	85.76	82.59	82.59
47.28	81.44	81.44	75.63	75.63
44.71	99.39	99.39	96.52	96.52
85.94	99.68	99.68	99.05	99.05
46.90	91.80	79.29	90.19	76.14
46.73	94.90	94.90	93.04	93.04
44.62	99.27	65.93	95.89	59.41
30.12	96.13	96.13	92.09	92.09
72.22	97.30	97.30	95.58	95.58
85.71	100.00	100.00	99.12	99.12
69.37	98.23	98.23	98.23	98.23
74.77	96.52	96.52	98.23	98.23
66.98	97.25	97.25	93.81	93.81
62.00	95.24	95.24	88.50	88.50
40.43	72.48	72.48	71.34	71.34
69.51	99.38	99.38	99.39	99.39
37.20	75.91	75.91	75.91	75.91
46.73	72.01	72.01	64.94	64.94
51.40	54.10	54.10	54.27	54.27
36.12	81.34	81.34	84.76	84.76
45.86	88.08	88.08	73.67	73.67
78.89	91.53	91.53	74.51	74.51
53.21	83.53	83.53	71.15	71.15
46.92	94.10	94.10	80.95	80.95
53.58	90.22	90.22	89.64	89.64
48.07	92.07	92.07	93.84	93.84
32.41	84.78	84.78	79.68	79.68
74.80	94.42	94.42	80.63	80.63
31.91	92.59	92.59	89.21	89.21
44.56	90.52	90.52	90.48	90.48
37.92	91.80	91.80	92.06	92.06
33.55	85.47	85.47	92.06	92.06
30.77	77.38	77.38	82.28	82.28
72.54	94.04	94.04	89.87	89.87
37.80	53.95	53.95	51.90	51.90
34.09	79.04	79.04	22.80	22.80
37.72	74.03	74.03	19.34	19.34
33.33	73.62	73.62	20.55	20.55
65.24	78.45	78.45	79.72	79.72
78.06	98.92	98.92	45.50	45.50
59.59	82.21	82.21	84.27	84.27
64.81	83.21	83.21	80.42	80.42
64.29	93.25	93.25	82.52	82.52
65.52	86.84	86.84	80.07	80.07
57.78	73.29	73.29	73.05	73.05
80.97	100.00	100.00	99.68	99.68
48.92	80.70	80.70	75.00	75.00
62.11	69.85	69.85	73.70	73.70
46.69	97.72	97.72	95.78	95.78
56.90	77.35	77.35	77.27	77.27
53.48	54.52	54.52	41.37	41.37
81.15	63.04	63.04	42.04	42.04
50.28	56.04	56.04	39.82	39.82
57.59	63.67	63.67	42.04	42.04
58.95	62.91	62.91	41.81	41.81
57.71	57.19	57.19	38.27	38.27
42.16	90.05	90.05	84.29	84.29
76.76	88.10	88.10	89.37	89.37
49.16	84.76	84.76	82.86	82.86
44.02	94.33	94.33	85.71	85.71
50.00	93.72	93.72	82.38	82.38
48.22	95.59	95.59	90.48	90.48
56.50	81.19	81.19	84.25	84.25
77.74	98.56	98.56	93.84	93.84
54.12	89.16	89.16	87.33	87.33
55.60	83.61	83.61	85.27	85.27
59.09	86.74	86.74	82.88	82.88
59.67	77.14	77.14	83.22	83.22
53.02	100.00	100.00	99.54	99.54
80.00	100.00	100.00	99.54	99.54
52.56	99.53	99.53	99.07	99.07
50.70	100.00	100.00	99.54	99.54
40.47	100.00	100.00	99.54	99.54
45.87	99.54	99.54	99.07	99.07
37.11	97.94	97.94	94.38	94.38
69.80	98.83	98.83	80.70	80.70
32.54	88.48	88.48	77.85	77.85
43.85	68.99	68.99	70.04	70.04
38.31	92.22	92.22	89.22	89.22
31.23	88.93	88.93	95.17	95.17
43.06	73.33	73.33	77.71	77.71
65.68	83.66	83.66	95.43	95.43
39.31	67.77	67.77	82.29	82.29
44.85	59.03	59.03	77.14	77.14
39.47	70.05	70.05	83.43	83.43
38.95	76.11	76.11	88.57	88.57
45.68	95.58	95.58	24.25	24.25
74.90	99.22	99.22	58.73	58.73
46.49	90.16	90.16	49.89	49.89
50.41	88.36	88.36	52.61	52.61
44.26	95.36	95.36	52.61	52.61
42.29	76.65	76.65	43.76	43.76
67.72	100.00	100.00	97.32	97.32
90.38	100.00	100.00	99.62	99.62
66.54	100.00	100.00	99.62	99.62
72.16	100.00	100.00	74.33	74.33
65.00	100.00	100.00	99.62	99.62
66.54	100.00	100.00	99.62	99.62
29.38	63.93	63.93	50.80	50.80
48.76	89.92	89.92	77.00	77.00
38.36	62.07	62.07	70.85	70.85
32.93	84.74	84.74	77.96	77.96
27.74	58.85	58.85	48.56	48.56
26.40	81.10	81.10	76.36	76.36
41.91	78.12	78.12	87.10	87.10
72.44	100.00	100.00	99.35	99.35
41.06	85.89	85.89	95.48	95.48
38.78	87.58	87.58	94.84	94.84
59.42	44.81	44.81	44.52	44.52
54.20	75.72	75.72	84.52	84.52
53.31	89.86	89.86	98.05	98.05
81.74	87.45	87.45	89.49	89.49
50.97	92.59	92.59	99.22	99.22
54.44	87.87	87.87	94.55	94.55
42.21	94.40	94.40	99.22	99.22
40.84	87.46	87.46	92.61	92.61
57.25	99.21	99.21	98.81	98.81
79.68	100.00	100.00	99.60	99.60
46.58	99.32	99.32	99.21	99.21
62.60	98.82	98.82	99.21	99.21
46.37	96.85	96.85	97.22	97.22
47.01	95.79	95.79	97.22	97.22
71.49	98.78	98.78	98.37	98.37
91.84	100.00	100.00	99.59	99.59
59.76	100.00	100.00	99.59	99.59
75.31	99.18	99.18	98.78	98.78
70.49	99.59	99.59	99.19	99.19
73.36	99.59	99.59	99.19	99.19
38.24	93.52	93.52	93.52	93.52
90.24	100.00	100.00	99.60	99.60
42.74	99.15	99.15	91.90	91.90
41.77	93.10	93.10	98.38	98.38
39.44	97.29	97.29	94.74	94.74
34.52	75.77	75.77	75.30	75.30
55.00	94.49	94.49	94.38	94.38
82.52	100.00	100.00	98.80	98.80
50.61	95.10	95.10	84.29	84.29
60.00	98.78	98.78	97.59	97.59
61.83	93.77	93.77	94.78	94.78
57.44	95.28	95.28	96.39	96.39
56.54	93.17	93.17	90.34	90.34
88.83	100.00	100.00	99.52	99.52
49.75	99.01	99.01	97.10	97.10
61.58	93.60	93.60	91.79	91.79
56.36	83.76	83.76	79.71	79.71
53.40	95.98	95.98	91.79	91.79
39.33	87.56	87.56	71.19	71.19
77.56	84.17	84.17	30.55	30.55
36.63	90.05	90.05	70.37	70.37
39.56	87.25	87.25	72.43	72.43
33.70	86.83	86.83	72.43	72.43
35.80	87.13	87.13	59.15	59.15
55.34	98.10	98.10	29.05	29.05
84.80	99.51	99.51	29.48	29.48
55.92	100.00	100.00	29.77	29.77
40.49	97.09	97.09	28.90	28.90
44.93	98.57	98.57	29.34	29.34
44.02	96.74	96.74	28.90	28.90
64.04	93.19	93.19	28.62	28.62
68.64	95.24	95.24	31.71	31.71
56.32	94.02	94.02	28.29	28.29
64.04	91.75	91.75	28.46	28.46
46.86	93.09	93.09	28.46	28.46
45.70	93.91	93.91	28.46	28.46
33.52	77.58	77.58	71.98	71.98
66.38	100.00	100.00	99.45	99.45
32.89	71.63	71.63	57.14	57.14
34.29	62.61	62.61	52.20	52.20
27.20	53.25	53.25	98.43	98.43
29.63	57.14	57.14	60.27	60.27
43.75	96.97	96.97	93.63	93.63
92.61	100.00	100.00	99.51	99.51
39.69	94.63	94.63	95.10	95.10
47.12	96.94	96.94	93.63	93.63
46.46	71.35	71.35	62.25	62.25
37.81	96.08	96.08	95.59	95.59
39.01	59.49	59.49	59.57	59.57
63.76	100.00	100.00	99.57	99.57
32.03	87.79	87.79	86.09	86.09
42.76	57.31	57.31	62.17	62.17
37.84	59.44	59.44	62.61	62.61
39.33	57.03	57.03	62.61	62.61
37.78	45.50	45.50	33.71	33.71
62.56	92.54	92.54	96.65	96.65
33.13	81.25	81.25	92.74	92.74
37.06	79.29	79.29	92.74	92.74
40.83	87.89	87.89	94.41	94.41
35.09	83.33	83.33	89.39	89.39
55.19	95.60	95.60	96.25	96.25
88.68	100.00	100.00	99.38	99.38
52.83	96.89	96.89	96.25	96.25
59.31	93.46	93.46	90.62	90.62
54.19	97.45	97.45	96.88	96.88
58.71	96.82	96.82	96.88	96.88
69.27	74.58	74.58	81.36	81.36
85.41	86.05	86.05	84.09	84.09
56.18	64.26	64.26	80.45	80.45
57.14	81.75	81.75	95.45	95.45
55.87	79.07	79.07	95.91	95.91
59.30	72.63	72.63	90.00	90.00
53.49	100.00	100.00	99.23	99.23
83.72	100.00	100.00	99.23	99.23
50.00	100.00	100.00	99.23	99.23
53.49	100.00	100.00	99.23	99.23
35.29	73.68	73.68	49.04	49.04
38.83	62.66	62.66	49.52	49.52
64.11	93.61	93.61	95.43	95.43
86.14	88.13	88.13	92.24	92.24
57.94	100.00	100.00	97.72	97.72
61.75	100.00	100.00	97.72	97.72
58.02	100.00	100.00	96.80	96.80
58.02	100.00	100.00	96.80	96.80
41.55	94.76	94.76	98.10	98.10
83.73	100.00	100.00	99.52	99.52
39.90	92.86	92.86	96.67	96.67
38.42	87.33	87.33	94.76	94.76
30.14	88.31	88.31	89.52	89.52
37.95	91.32	91.32	96.67	96.67
39.81	98.55	98.55	96.15	96.15
88.46	99.52	99.52	99.52	99.52
43.37	96.55	96.55	93.75	93.75
49.00	97.56	97.56	96.15	96.15
47.37	93.60	93.60	90.87	90.87
43.88	97.45	97.45	91.35	91.35
76.41	85.09	85.09	96.06	96.06
86.57	97.10	97.10	98.52	98.52
76.84	90.00	90.00	93.60	93.60
79.79	94.12	94.12	95.07	95.07
72.49	91.63	91.63	93.10	93.10
71.50	87.56	87.56	98.52	98.52
55.90	89.45	89.45	93.27	93.27
82.26	90.29	90.29	89.86	89.86
52.46	88.41	88.41	87.98	87.98
59.02	95.26	95.26	97.10	97.10
58.43	83.65	83.65	85.10	85.10
49.72	84.92	84.92	87.44	87.44
35.14	88.33	88.33	99.02	99.02
56.65	95.59	95.59	99.51	99.51
38.35	81.17	81.17	99.02	99.02
35.38	98.53	98.53	99.02	99.02
33.02	100.00	100.00	99.51	99.51
31.28	100.00	100.00	99.51	99.51
74.71	87.18	87.18	85.86	85.86
91.01	89.90	89.90	89.90	89.90
69.05	88.89	88.89	84.85	84.85
75.15	85.05	85.05	83.33	83.33
69.14	84.82	84.82	81.82	81.82
68.42	87.69	87.69	86.36	86.36
67.18	86.18	86.18	85.62	85.62
96.71	100.00	100.00	99.35	99.35
68.42	98.70	98.70	99.35	99.35
70.23	86.18	86.18	85.62	85.62
71.71	100.00	100.00	99.35	99.35
66.67	98.63	98.63	92.81	92.81
40.00	65.46	65.46	83.87	83.87
85.93	69.23	69.23	87.10	87.10
37.59	71.89	71.89	85.81	85.81
46.21	73.60	73.60	89.68	89.68
43.08	75.74	75.74	83.87	83.87
36.42	75.88	75.88	91.61	91.61
33.93	92.17	92.17	85.49	85.49
85.12	86.60	86.60	92.82	92.82
32.10	93.10	93.10	88.40	88.40
39.83	63.93	63.93	61.14	61.14
36.00	51.81	51.81	51.30	51.30
26.16	88.95	88.95	82.90	82.90
51.35	94.33	94.33	94.27	94.27
79.06	100.00	100.00	99.48	99.48
53.41	89.69	89.69	89.06	89.06
47.59	99.34	99.34	86.46	86.46
51.09	94.36	94.36	94.79	94.79
51.72	91.58	91.58	89.58	89.58
42.38	100.00	100.00	80.32	80.32
90.71	98.39	98.39	97.34	97.34
40.51	84.53	84.53	82.45	82.45
57.93	91.11	91.11	87.23	87.23
52.81	96.72	96.72	94.15	94.15
44.92	96.89	96.89	98.40	98.40
43.64	99.38	99.38	88.65	88.65
79.75	97.53	97.53	88.76	88.76
38.98	93.48	93.48	96.63	96.63
47.13	94.92	94.92	94.05	94.05
33.51	95.26	95.26	96.63	96.63
33.33	77.25	77.25	78.65	78.65
31.95	97.66	97.66	88.59	88.59
72.41	98.86	98.86	94.57	94.57
34.48	97.21	97.21	88.04	88.04
39.63	98.18	98.18	89.13	89.13
39.87	93.83	93.83	83.15	83.15
37.11	78.71	78.71	70.11	70.11
79.53	81.82	81.82	72.57	72.57
71.07	91.23	91.23	90.29	90.29
73.02	81.70	81.70	72.00	72.00
78.74	88.73	88.73	72.57	72.57
68.25	65.10	65.10	72.00	72.00
63.82	92.12	92.12	85.71	85.71
31.03	97.21	97.21	98.81	98.81
77.25	100.00	100.00	99.40	99.40
30.95	93.33	93.33	93.45	93.45
31.61	86.11	86.11	88.10	88.10
24.22	87.03	87.03	88.69	88.69
32.35	55.43	55.43	59.52	59.52
73.60	78.12	78.12	96.90	96.90
93.75	100.00	100.00	99.22	99.22
78.91	100.00	100.00	99.22	99.22
79.69	100.00	100.00	99.22	99.22
82.26	99.20	99.20	96.12	96.12
78.40	99.21	99.21	96.90	96.90
47.02	96.64	96.64	98.68	98.68
67.55	97.26	97.26	99.34	99.34
42.95	95.95	95.95	98.03	98.03
49.01	96.67	96.67	98.68	98.68
32.21	96.80	96.80	98.03	98.03
35.26	97.26	97.26	97.37	97.37
67.36	100.00	100.00	97.95	97.95
86.21	100.00	100.00	99.32	99.32
61.97	96.60	96.60	96.58	96.58
63.19	100.00	100.00	97.95	97.95
57.14	100.00	100.00	99.32	99.32
47.77	100.00	100.00	99.32	99.32
72.84	61.83	61.83	39.32	39.32
78.57	97.22	97.22	67.48	67.48
70.89	57.66	57.66	38.35	38.35
76.47	66.93	66.93	41.26	41.26
81.08	52.11	52.11	35.92	35.92
81.82	49.68	49.68	37.38	37.38
59.17	86.33	86.33	85.71	85.71
72.13	84.72	84.72	87.14	87.14
53.47	72.14	72.14	72.14	72.14
50.81	93.22	93.22	88.57	88.57
54.55	75.86	75.86	78.57	78.57
51.28	81.82	81.82	82.14	82.14
47.76	86.45	86.45	93.06	93.06
87.14	97.90	97.90	97.22	97.22
46.72	93.15	93.15	94.44	94.44
54.74	94.48	94.48	95.14	95.14
55.73	90.97	90.97	90.97	90.97
47.76	93.06	93.06	92.36	92.36
52.94	100.00	100.00	99.26	99.26
78.52	100.00	100.00	99.26	99.26
52.21	100.00	100.00	99.26	99.26
54.55	89.19	89.19	72.06	72.06
50.00	100.00	100.00	99.26	99.26
53.68	100.00	100.00	99.26	99.26
72.84	65.32	65.32	70.43	70.43
93.02	75.44	75.44	74.78	74.78
68.18	69.84	69.84	76.52	76.52
73.40	78.99	78.99	81.74	81.74
71.43	77.78	77.78	79.13	79.13
44.55	75.34	75.34	72.17	72.17
69.77	96.63	96.63	72.27	72.27
70.83	100.00	100.00	87.27	87.27
70.45	98.88	98.88	73.95	73.95
56.67	90.82	90.82	75.63	75.63
67.47	97.65	97.65	69.75	69.75
47.56	89.13	89.13	68.91	68.91
50.00	90.32	90.32	85.50	85.50
86.51	98.44	98.44	50.20	50.20
55.45	90.91	90.91	83.97	83.97
48.80	99.16	99.16	95.42	95.42
48.65	92.50	92.50	83.97	83.97
55.36	94.92	94.92	83.21	83.21
57.14	98.35	98.35	95.97	95.97
89.43	100.00	100.00	99.19	99.19
52.85	100.00	100.00	99.19	99.19
69.89	75.61	75.61	75.00	75.00
62.64	74.59	74.59	73.39	73.39
58.20	99.17	99.17	98.39	98.39
39.81	76.60	76.60	87.18	87.18
75.65	95.04	95.04	98.29	98.29
37.78	66.18	66.18	73.50	73.50
44.34	84.00	84.00	87.18	87.18
40.19	82.03	82.03	86.32	86.32
37.61	73.15	73.15	88.89	88.89
76.67	94.74	94.74	15.41	15.41
94.62	100.00	100.00	15.92	15.92
68.35	76.70	76.70	13.53	13.53
74.44	94.74	94.74	15.41	15.41
64.04	92.71	92.71	15.24	15.24
66.29	93.68	93.68	15.24	15.24
53.85	57.52	57.52	56.03	56.03
71.11	40.54	40.54	38.79	38.79
54.55	50.00	50.00	48.25	48.25
58.06	53.91	53.91	54.39	54.39
62.69	60.91	60.91	57.76	57.76
52.94	61.82	61.82	57.76	57.76
60.00	97.22	97.22	92.11	92.11
89.29	98.25	98.25	98.25	98.25
57.80	97.30	97.30	95.61	95.61
55.56	97.06	97.06	86.84	86.84
57.14	96.33	96.33	92.11	92.11
58.88	98.17	98.17	93.86	93.86
60.00	49.00	49.00	47.17	47.17
79.49	96.30	96.30	17.99	17.99
58.14	53.09	53.09	40.57	40.57
48.84	42.16	42.16	29.45	29.45
37.25	62.20	62.20	34.93	34.93
85.57	81.51	81.51	91.51	91.51
97.80	84.26	84.26	85.85	85.85
82.98	79.66	79.66	88.68	88.68
87.50	81.36	81.36	90.57	90.57
69.15	80.87	80.87	88.68	88.68
56.32	72.73	72.73	82.08	82.08
52.48	95.28	95.28	4.96	4.96
88.68	100.00	100.00	5.26	5.26
36.79	92.04	92.04	5.11	5.11
53.54	90.83	90.83	4.91	4.91
48.48	90.65	90.65	4.91	4.91
39.82	92.62	92.62	4.91	4.91
66.02	82.79	82.79	97.17	97.17
94.29	100.00	100.00	99.06	99.06
72.12	98.10	98.10	98.11	98.11
66.04	88.14	88.14	98.11	98.11
74.04	98.11	98.11	98.11	98.11
77.88	98.11	98.11	98.11	98.11
72.73	94.62	94.62	90.72	90.72
83.91	91.58	91.58	89.69	89.69
62.07	94.57	94.57	89.69	89.69
69.32	90.72	90.72	90.72	90.72
65.43	89.01	89.01	7.25	7.25
69.51	93.18	93.18	7.33	7.33
42.65	71.58	71.58	65.96	65.96
80.65	100.00	100.00	98.94	98.94
45.45	61.11	61.11	58.51	58.51
37.33	75.28	75.28	79.79	79.79
42.31	92.86	92.86	82.98	82.98
56.90	66.67	66.67	61.70	61.70
46.00	54.35	54.35	58.14	58.14
74.07	97.59	97.59	94.19	94.19
37.88	76.74	76.74	76.74	76.74
47.46	65.56	65.56	68.60	68.60
46.88	71.91	71.91	74.42	74.42
42.25	76.34	76.34	82.56	82.56
78.87	84.52	84.52	79.78	79.78
88.64	100.00	100.00	98.88	98.88
78.67	88.24	88.24	84.27	84.27
78.38	86.05	86.05	85.06	85.06
72.60	93.59	93.59	83.91	83.91
59.74	89.53	89.53	85.39	85.39
41.10	81.82	81.82	57.94	57.94
72.37	98.70	98.70	60.32	60.32
33.33	86.75	86.75	53.97	53.97
38.24	80.72	80.72	53.97	53.97
38.96	76.53	76.53	61.11	61.11
29.85	77.01	77.01	53.17	53.17
78.08	100.00	100.00	98.65	98.65
95.89	100.00	100.00	98.65	98.65
76.71	100.00	100.00	98.65	98.65
81.94	98.63	98.63	97.30	97.30
69.86	100.00	100.00	98.65	98.65
61.11	98.63	98.63	97.30	97.30
83.58	100.00	100.00	93.06	93.06
90.14	100.00	100.00	98.61	98.61
79.10	100.00	100.00	93.06	93.06
82.09	100.00	100.00	93.06	93.06
75.00	95.77	95.77	94.44	94.44
70.00	100.00	100.00	95.83	95.83
70.59	100.00	100.00	91.89	91.89
89.86	100.00	100.00	98.57	98.57
67.65	100.00	100.00	97.14	97.14
71.64	98.53	98.53	95.71	95.71
44.78	95.71	95.71	90.54	90.54
60.87	98.57	98.57	98.57	98.57
86.96	100.00	100.00	98.57	98.57
65.22	98.57	98.57	98.57	98.57
76.81	98.57	98.57	98.57	98.57
58.57	94.59	94.59	98.57	98.57
43.59	100.00	100.00	98.57	98.57
69.57	71.88	71.88	69.70	69.70
90.20	78.12	78.12	43.22	43.22
75.56	69.23	69.23	37.29	37.29
72.34	68.12	68.12	71.21	71.21
68.52	79.41	79.41	43.22	43.22
70.15	100.00	100.00	55.08	55.08
67.19	100.00	100.00	98.46	98.46
84.38	100.00	100.00	98.46	98.46
55.93	92.19	92.19	90.77	90.77
66.13	96.88	96.88	95.38	95.38
65.52	90.62	90.62	89.23	89.23
62.07	100.00	100.00	89.23	89.23
66.67	96.43	96.43	37.24	37.24
91.07	100.00	100.00	38.62	38.62
64.81	96.43	96.43	94.74	94.74
68.52	96.43	96.43	94.74	94.74
60.71	100.00	100.00	98.25	98.25
66.07	100.00	100.00	98.25	98.25
30.05	79.45	79.45	39.52	39.52
60.08	100.00	100.00	49.80	49.80
29.54	96.35	96.35	44.96	44.96
34.53	92.31	92.31	44.66	44.66
29.83	96.14	96.14	46.37	46.37
29.75	94.15	94.15	44.96	44.96
45.54	92.73	92.73	91.85	91.85
67.18	88.98	88.98	93.10	93.10
51.41	82.23	82.23	88.09	88.09
45.99	97.30	97.30	97.49	97.49
40.19	90.03	90.03	91.54	91.54
47.64	77.03	77.03	84.95	84.95
43.00	89.33	89.33	78.01	78.01
67.24	87.43	87.43	91.10	91.10
40.53	88.60	88.60	76.96	76.96
48.58	68.72	68.72	73.82	73.82
40.19	93.88	93.88	82.46	82.46
33.54	94.66	94.66	79.84	79.84
53.77	90.60	90.60	90.60	90.60
87.07	100.00	100.00	99.15	99.15
47.83	93.44	93.44	98.29	98.29
52.38	65.82	65.82	89.74	89.74
46.67	84.55	84.55	89.74	89.74
42.61	95.83	95.83	98.29	98.29
44.67	98.50	98.50	97.27	97.27
72.63	92.27	92.27	91.26	91.26
38.46	99.45	99.45	99.45	99.45
53.89	97.83	97.83	97.81	97.81
49.41	92.90	92.90	91.80	91.80
50.60	90.71	90.71	90.16	90.16
